-1253039486
-1252164890
-1250787545
-1250548135
-1249126383
-1247174073
-1246063905
-1245474331
-1244668182
-1242483994
-1241998525
-1241197043
-1239170562
-1239079831
-1238060625
-1238048930
-1233527932
-1232630204
-1232624829
-1231728457
-1231254850
-1230464212
-1229750151
-1225133678
-1224780054
-1224675550
-1224669294
-1222768580
-1222701708
-1222117706
-1219704067
-1219521428
-1218719650
-1218425482
-1217691619
-1216963342
-1216217625
-1215743595
-1215362304
-1214777801
-1213555366
-1213417721
-1213268655
-1213104309
-1212994760
-1212872829
-1212764007
-1211696011
-1209581906
-1209507276
-1206723293
-1205775071
-1205426584
-1205387979
-1205051640
-1204262415
-1204097313
-1203552023
-1203522288
-1201793340
-1201598166
-1200764527
-1200041054
-1199907977
-1199210556
-1199050007
-1198844560
-1198470694
-1195178332
-1195073722
-1194573872
-1194431734
-1193915288
-1193819489
-1192462987
-1191299942
-1191132948
-1190652324
-1190204871
-1189580954
-1187951927
-1186394064
-1186009113
-1185214333
-1184910542
-1184426972
-1183644867
-1181623245
-1180906246
-1180813139
-1180574033
-1180327876
-1180310169
-1178469693
-1177296244
-1176296804
-1175719820
-1174725199
-1174626984
-1174220472
-1172684788
-1172453521
-1171648207
-1170582096
-1169496187
-1168658202
-1168291255
-1168031212
-1166768622
-1166686713
-1166030686
-1165860682
-1165710999
-1165616260
-1164606592
-1163455024
-1163171904
-1162813539
-1160862481
-1156767367
-1155854308
-1155792779
-1153506959
-1153196373
-1153169486
-1152091338
-1150841479
-1149450795
-1147798264
-1147612181
-1145456170
-1144747974
-1144691378
-1144598942
-1143376839
-1142520737
-1141703973
-1141446202
-1140547108
-1139105886
-1139042551
-1138793882
-1136944011
-1136728146
-1136686454
-1136566028
-1136085678
-1135617445
-1135089375
-1134939091
-1134529818
-1134334977
-1133925084
-1133676235
-1133353067
-1132456234
-1129635532
-1129558626
-1129142670
-1128866895
-1128222154
-1127241565
-1126056372
-1125496836
-1125420341
-1124427384
-1124225202
-1123754863
-1123249522
-1122106731
-1121268792
-1119394219
-1119373246
-1119113932
-1118428466
-1118248411
-1117395152
-1116815948
-1116660385
-1116236655
-1115953375
-1115560309
-1115538664
-1115524083
-1115457323
-1114677105
-1114210647
-1114126030
-1113902495
-1113153835
-1112876552
-1112491833
-1111676010
-1111614248
-1110936744
-1110881850
-1110829956
-1110115138
-1109709848
-1109107993
-1108694548
-1107660127
-1106720395
-1105577018
-1104797389
-1104364399
-1104350079
-1102373028
-1101831584
-1101047740
-1100327481
-1100263133
-1100018322
-1099892857
-1099851415
-1098960923
-1098676470
-1098451034
-1098412437
-1097323604
-1094746474
-1094511355
-1094449265
-1094446546
-1094186327
-1093539850
-1093360068
-1092881325
-1092691684
-1092570439
-1092511852
-1092463556
-1090733293
-1089450856
-1089154933
-1088082531
-1087842261
-1086695621
-1086243904
-1086138701
-1085072497
-1084745973
-1084708314
-1083460519
-1083396517
-1083057590
-1083049373
-1082690124
-1082257042
-1081859848
-1081824804
-1080231785
-1080032560
-1079366495
-1078225559
-1076794140
-1076667964
-1076212727
-1075986609
-1075943071
-1075372448
-1074195453
-1073656860
-1073342203
-1072683293
-1072550076
-1071868989
-1071548714
-1071488260
-1071055240
-1070219518
-1069281997
-1068813144
-1068772730
-1067432200
-1066989360
-1066872716
-1066333922
-1066309217
-1065695127
-1064834325
-1064662087
-1064627644
-1064326055
-1064080989
-1063961463
-1063819603
-1063802094
-1063323782
-1061818727
-1061771553
-1061539028
-1061419653
-1061039795
-1060371417
-1058776211
-1058229237
-1057058336
-1056223233
-1056194910
-1056102902
-1055807152
-1055756931
-1055736367
-1055435642
-1055279165
-1054915434
-1054660186
-1054615392
-1054590135
-1054414496
-1054260883
-1053790014
-1053612310
-1053321728
-1053130197
-1051849170
-1051739191
-1050773144
-1050518194
-1049857830
-1048609771
-1047193547
-1045793628
-1045624223
-1045278835
-1045110652
-1042845744
-1042808904
-1042774260
-1042549886
-1042145656
-1041837921
-1040696257
-1040118766
-1039187376
-1038246434
-1037968037
-1037748651
-1036394791
-1036315236
-1036288285
-1035398926
-1035138965
-1035092205
-1033148106
-1032764428
-1032674232
-1032259652
-1031911246
-1031429255
-1030900263
-1030223246
-1029959513
-1029717989
-1029008784
-1028801642
-1028703238
-1026996556
-1026759845
-1026612065
-1026364837
-1026013480
-1025997664
-1025958992
-1025779697
-1025226673
-1023724842
-1022961683
-1022585423
-1022583318
-1022352794
-1022080211
-1022074647
-1021922350
-1021617365
-1021353471
-1021096547
-1020985462
-1020716547
-1019876008
-1019784297
-1018663305
-1016548300
-1015291447
-1015275836
-1013744658
-1013660213
-1013638792
-1013498095
-1013065129
-1011984737
-1011861103
-1011574456
-1011432811
-1010541691
-1010410371
-1010157008
-1009511247
-1009393724
-1009222743
-1008509390
-1008277417
-1007789264
-1007273404
-1007096675
-1005585227
-1005246512
-1004969104
-1003748871
-1003747465
-1003392390
-1003212044
-1001198514
-1000962716
-1000016999
-999400821
-998784667
-998307423
-996200261
-993710351
-993426405
-991670914
-988843581
-986975074
-985087447
-976255008
-973339638
-972793260
-972594997
-969367416
-965578657
-964433649
-963926785
-960300421
-960000087
-959815041
-959810343
-959775656
-959589839
-958439381
-954572070
-954450296
-951097803
-947914531
-947132758
-945873044
-934440281
-932222516
-931702397
-931680472
-931192936
-930292072
-927731950
-927093587
-926436397
-925691869
-923933079
-923782853
-923711125
-923092097
-921880408
-921210586
-920871363
-920780900
-920548549
-920257293
-918816600
-917787636
-917527628
-916451492
-916224289
-913096848
-912519536
-912441380
-912228600
-911920720
-911494944
-911143522
-909609703
-908884568
-908876755
-908261577
-908221986
-905492421
-904822527
-904739735
-904700665
-902641947
-901871171
-901699949
-901369017
-898965943
-898227271
-897079399
-896814059
-896347808
-896296452
-895530050
-894388483
-893971977
-892959250
-892731592
-892178230
-892176401
-891972674
-891913455
-891858745
-891135087
-889964008
-889128653
-888902348
-888780448
-888687068
-888670414
-888300215
-887650981
-887606008
-887585881
-886555176
-885680751
-885195626
-885099279
-884588342
-884071316
-884048173
-883794366
-883743633
-883255564
-883140308
-882228170
-882115195
-882010972
-879770641
-879347135
-878837922
-876442509
-875767877
-875628996
-875489229
-875458821
-875334260
-875306628
-874562801
-874317011
-873754627
-872746220
-872229470
-872050515
-870959964
-870227071
-869860472
-869752255
-869686665
-869080894
-868125411
-868015690
-867955789
-867706643
-867556215
-866391900
-865996208
-865737573
-865729258
-865410232
-865329819
-864228572
-864058517
-863742809
-862932670
-862762476
-861620521
-861266656
-860524636
-860145633
-860089994
-860056840
-860027757
-859919681
-859639629
-859594295
-859565730
-859521523
-859134916
-858989848
-857988418
-857409932
-856425538
-856125232
-855391905
-855241840
-854517155
-853548059
-853181582
-851811617
-851651531
-851601231
-850180284
-848985026
-848387596
-847515946
-847305462
-846293287
-845235870
-845114028
-844925280
-844625840
-844365140
-844050537
-844038936
-843413956
-843300863
-842583309
-842482021
-842248171
-841595282
-841534670
-841302013
-841067530
-840905070
-840899955
-840842899
-839126356
-839111700
-839041963
-839019458
-838766125
-838562116
-838173319
-838132084
-838023517
-837939167
-837355471
-837103125
-836809782
-836565259
-835959671
-835730828
-780465006
-763892196
-550801177
-492603517
-491810132
-491805018
-491802327
-491652888
-491079880
-490895299
-490654217
-489621226
-489581595
-489373364
-489063429
-488965485
-488878765
-488684178
-487991156
-486895964
-485597420
-485439769
-485320141
-484013043
-481593596
-481237057
-481176402
-480057962
-479789323
-479750371
-479329091
-478732763
-478469746
-477900218
-476754819
-476729901
-475332645
-475074776
-474702077
-474436022
-473205838
-471666523
-468218710
-465135494
-464588190
-464248769
-463494756
-463406531
-463172656
-462620194
-462108232
-461837332
-461371308
-461149105
-461071180
-460742993
-457951763
-457880568
-456990260
-456922929
-456385035
-456235877
-456082190
-455693607
-454755788
-454335756
-454248522
-453901310
-453752121
-452896849
-452757225
-450624144
-450019305
-449549305
-449399266
-449037502
-448693606
-448423568
-448341082
-448257384
-447858238
-447592920
-447398418
-447084033
-446318209
-446054023
-445908802
-445480005
-445431405
-445385712
-444832342
-444028538
-443997073
-443909144
-443897932
-443786133
-443446368
-443245842
-442869825
-442591469
-442200970
-442138772
-441938885
-441755999
-441665884
-440653899
-439555396
-439232355
-437784174
-436999479
-436955961
-434932591
-434708677
-434522019
-434016454
-434007051
-433378016
-433167788
-433132588
-432839168
-432727723
-432688112
-432359905
-432185593
-432124748
-432073628
-431730435
-431461262
-429062214
-428679714
-428393240
-428240589
-427902385
-427477558
-426868719
-426489450
-426416951
-426064443
-425107335
-425065869
-425052284
-424383606
-423928205
-423855271
-423788943
-423612373
-423572623
-423418949
-423016954
-422898206
-422677423
-422519645
-421776687
-421621595
-420596061
-419709960
-419193035
-418954853
-417157905
-415695428
-415184903
-414831069
-414383922
-412759098
-412622478
-412284536
-412123010
-411793887
-411582879
-410316555
-410267562
-410240465
-409667656
-408458539
-408170531
-406453388
-405822935
-405059394
-404269907
-402796534
-402650513
-401595173
-400137898
-398994232
-398231544
-398147793
-396886439
-396185255
-395327810
-395194266
-395029546
-394891856
-394802677
-394325577
-394324280
-394279105
-394151304
-393815276
-393626608
-393572653
-393459894
-392752159
-392601538
-391018039
-388652504
-388065138
-387738948
-387261481
-387019198
-386483308
-385251295
-384530584
-384450208
-384346806
-384308781
-383388538
-382999414
-382409867
-381861993
-381188045
-380078513
-378208983
-378178646
-377835783
-377706092
-377343629
-376779408
-376745877
-375663335
-375587091
-374223921
-372592222
-372054790
-370930467
-370156989
-368920659
-367531190
-366175960
-365276050
-365089869
-365006770
-364010378
-363420140
-362295560
-361705076
-360981299
-359996027
-359825807
-359596857
-356845531
-355054134
-354482781
-353720463
-353416726
-352902349
-351256914
-349802219
-349069933
-348791093
-348634071
-347953935
-347272695
-345666491
-344011799
-343628210
-342263962
-341754406
-341254721
-340899113
-339683462
-337031988
-335240387
-334512367
-328024151
-327943113
-327243820
-326281812
-325543165
-322010730
-321817858
-321755851
-320842785
-320393869
-320385929
-319872738
-316823548
-316756655
-316429903
-315548873
-313944076
-312059027
-311760627
-311654506
-311584903
-311374190
-311263935
-311117189
-311021155
-310780668
-309116659
-306902159
-305841261
-304310843
-303490341
-301868824
-301689886
-301689395
-301583511
-300311745
-300036053
-299210187
-298919584
-298820213
-298653993
-297611568
-296916250
-296627298
-296597526
-296401296
-295936907
-295813087
-294414392
-292171262
-290030202
-288579558
-286155374
-284913364
-284446254
-278963968
-272445828
-270327800
-269202232
-267720876
-267614424
-267392112
-264357568
-263966176
-261917760
-259631543
-254958977
-254707975
-253844483
-253656939
-253427489
-253351496
-253193653
-251246532
-250685371
-250022272
-249194567
-248806899
-247197960
-246071181
-245768781
-245409863
-243314209
-242770321
-242248176
-242189616
-240824965
-239879529
-239072186
-239042645
-239015506
-238754173
-237941486
-235161233
-233592541
-232163794
-231915811
-230260350
-229636041
-229125209
-228278934
-222904299
-222706901
-221123406
-218180838
-217710729
-217200973
-215157363
-211648586
-211331198
-210610550
-210554141
-209874810
-209668829
-209240185
-208763946
-208369172
-208188421
-208030076
-207922201
-206250007
-205876590
-205150769
-204624764
-204121380
-203331916
-202067459
-201275503
-199110399
-196348825
-195833619
-195640339
-195425290
-195177569
-195006100
-194145952
-192988971
-191482570
-191234826
-190543324
-190059332
-189083315
-186176184
-184924250
-184832216
-184692269
-184645496
-184360469
-184049575
-183952210
-182981135
-182697227
-182673610
-179744326
-179509806
-179403824
-177987703
-177691609
-177545963
-177050325
-176909551
-175690057
-173517927
-172374125
-172203433
-172130410
-171829956
-171319210
-171236281
-170840003
-170552789
-170148346
-169781931
-169377155
-169365678
-168809327
-168547926
-167811633
-167799724
-167306887
-167095753
-166457936
-165742967
-165537643
-165495593
-164901552
-164381924
-164265974
-164053744
-161607783
-160591196
-159857348
-159384684
-159240802
-159023082
-158592776
-157388780
-157237762
-156446452
-155691357
-155667364
-155291618
-154115445
-153403780
-151945617
-151822890
-150411785
-148527248
-148063603
-147831332
-147625709
-147107965
-146581142
-145352440
-145087209
-144611234
-143676154
-142481055
-141837231
-141140254
-140032689
-138319665
-137855605
-137455124
-136591311
-136042488
-134454118
-133860240
-131654210
-131380737
-130632671
-130129600
-129949421
-129434722
-129372990
-128290801
-127388610
-126767191
-125727162
-124902774
-124280244
-124021199
-123958851
-123868297
-123401230
-122589443
-122364699
-122197750
-120646359
-120222613
-120130457
-119217304
-119202159
-119077056
-117049958
-116356550
-115833379
-115343091
-115087759
-114152972
-114111400
-113922202
-113547967
-113263557
-112475929
-112369391
-111655589
-111606898
-111457056
-111365200
-111012287
-110945995
-108847074
-107793328
-106574577
-106314177
-105846038
-105739489
-105602245
-105280689
-103295812
-102613249
-102560003
-102120408
-101046157
-100895808
-100866338
-100118019
-99884285
-99527206
-98856943
-97540102
-95738610
-95373224
-94167816
-92932420
-89940476
-89688248
-88298787
-87676631
-87099100
-86618449
-86355492
-85567048
-85499690
-85028896
-84674258
-84599267
-84527924
-83837113
-83330486
-83321528
-82091492
-81627271
-81441805
-76971228
-71060458
-70582010
-67033233
-66902223
-65602717
-65278874
-64130060
-63777542
-63676666
-56195273
-56061189
-55880231
-50917695
-50726147
-49526671
-49421801
-47866982
-46263690
-43645661
-43577274
-40687225
-40220932
-39474671
-39242958
-37361821
-36808275
-36764114
-36001264
-34935015
-34805156
-34069118
-34057937
-33366678
-32604711
-32542888
-32445279
-32165639
-29382395
-29083806
-28742808
-28454358
-27319516
-27176244
-24281796
-23542032
-20974394
-20156331
-16545537
-15583872
-15239992
-15239865
-14759358
-14713085
-13585691
-13328852
-12951299
-12232692
-12044590
-10482697
-10445381
-10315264
-10081934
-7982860
-7161997
-6895934
-5362546
-5153152
-4021186
-4019142
-3861888
-3640815
-3617331
-3516622
-3374444
-3280776
-3121649
-3084891
-3026443
-2894823
-2676252
-2487815
-2370807
-2037001
-1921206
-1918435
-1908760
-1688294
-1602884
-1561233
-1241582
-1131031
-1073854
-1049102
-624161
-610403
-426959
-304455
-300435
-229299
-112530
76561197960378258
76561197960495027
76561197960566163
76561197960570183
76561197960692687
76561197960876131
76561197960889889
76561197961314830
76561197961339582
76561197961396759
76561197961507310
76561197961826961
76561197961868612
76561197961954022
76561197962174488
76561197962184163
76561197962186934
76561197962302729
76561197962636535
76561197962753543
76561197962941980
76561197963160551
76561197963292171
76561197963350619
76561197963387377
76561197963546504
76561197963640172
76561197963782350
76561197963883059
76561197963906543
76561197964127616
76561197964284870
76561197964286914
76561197965418880
76561197965628274
76561197967161662
76561197967427725
76561197968248588
76561197970347662
76561197970580992
76561197970711109
76561197970748425
76561197972310318
76561197972498420
76561197973217027
76561197973594580
76561197973851419
76561197974978813
76561197975025086
76561197975505593
76561197975505720
76561197975849600
76561197976811265
76561197980422059
76561197981240122
76561197983807760
76561197984547524
76561197987441972
76561197987585244
76561197988720086
76561197989008536
76561197989349534
76561197989648123
76561197992431367
76561197992711007
76561197992808616
76561197992870439
76561197993632406
76561197994323665
76561197994334846
76561197995070884
76561197995200743
76561197996266992
76561197997029842
76561197997074003
76561197997627549
76561197999508686
76561197999740399
76561198000486660
76561198000952953
76561198003843002
76561198003911389
76561198006529418
76561198008132710
76561198009687529
76561198009792399
76561198010991875
76561198011183423
76561198016145959
76561198016326917
76561198016461001
76561198023942394
76561198024043270
76561198024395788
76561198025544602
76561198025868445
76561198027167951
76561198027298961
76561198030847738
76561198031326186
76561198037236956
76561198041707533
76561198041892999
76561198042357220
76561198043587256
76561198043596214
76561198044102841
76561198044793652
76561198044864995
76561198044939986
76561198045294624
76561198045765418
76561198045832776
76561198046621220
76561198046884177
76561198047364828
76561198047942359
76561198048564515
76561198049953976
76561198050206204
76561198053198148
76561198054433544
76561198055638952
76561198056004338
76561198057805830
76561198059122671
76561198059792934
76561198060150013
76561198060383747
76561198061132066
76561198061161536
76561198061311885
76561198062386136
76561198062825731
76561198062878977
76561198063561540
76561198065546417
76561198065867973
76561198066005217
76561198066111766
76561198066579905
76561198066840305
76561198068059056
76561198069112802
76561198071211723
76561198071278015
76561198071630928
76561198071722784
76561198071872626
76561198071921317
76561198072635119
76561198072741657
76561198073529285
76561198073813695
76561198074187930
76561198074377128
76561198074418700
76561198075353487
76561198075608819
76561198076099107
76561198076622278
76561198077315686
76561198079342784
76561198079467887
76561198079483032
76561198080396185
76561198080488341
76561198080912087
76561198082463478
76561198082630427
76561198082855171
76561198083666958
76561198084134025
76561198084224579
76561198084286927
76561198084545972
76561198085168502
76561198085992890
76561198087032919
76561198087654338
76561198088556529
76561198089638718
76561198089700450
76561198090215149
76561198090395328
76561198090898399
76561198091646465
76561198091919938
76561198094125968
76561198094719846
76561198096308216
76561198096857039
76561198097720852
76561198098121333
76561198098585393
76561198100298417
76561198101405982
76561198102102959
76561198102746783
76561198103941882
76561198104876962
76561198105352937
76561198105618168
76561198106846870
76561198107373693
76561198107891437
76561198108097060
76561198108329331
76561198108792976
76561198110677513
76561198112088618
76561198112211345
76561198113669508
76561198114381173
76561198115557346
76561198115933092
76561198115957085
76561198116712180
76561198117503490
76561198117654508
76561198118858504
76561198119288810
76561198119506530
76561198119650412
76561198120123076
76561198120856924
76561198121873511
76561198124319472
76561198124531702
76561198124647652
76561198125167280
76561198125761321
76561198125803371
76561198126008695
76561198126723664
76561198127361481
76561198127572615
76561198128065452
76561198128077361
76561198128813654
76561198129075055
76561198129631406
76561198129642883
76561198130047659
76561198130414074
76561198130818517
76561198131105731
76561198131502009
76561198131584938
76561198132095684
76561198132396138
76561198132469161
76561198132639853
76561198133783655
76561198135955785
76561198137175279
76561198137316053
76561198137811691
76561198137957337
76561198138253431
76561198139669552
76561198139775534
76561198140010054
76561198142939338
76561198142962955
76561198143246863
76561198144217938
76561198144315303
76561198144626197
76561198144911224
76561198144957997
76561198145097944
76561198145189978
76561198146441912
76561198149349043
76561198150325060
76561198150809052
76561198151500554
76561198151748298
76561198153254699
76561198154411680
76561198155271828
76561198155443297
76561198155691018
76561198155906067
76561198156099347
76561198156614553
76561198159376127
76561198161541231
76561198162333187
76561198163597644
76561198164387108
76561198164890492
76561198165416497
76561198166142318
76561198166515735
76561198168187929
76561198168295804
76561198168454149
76561198168634900
76561198169029674
76561198169505913
76561198169934557
76561198170140538
76561198170819869
76561198170876278
76561198171596926
76561198171914314
76561198175423091
76561198177466701
76561198177976457
76561198178446566
76561198181389134
76561198182972629
76561198183170027
76561198188544662
76561198189390937
76561198189901769
76561198190526078
76561198192181539
76561198192429522
76561198193858269
76561198195426961
76561198198207214
76561198199019901
76561198199281234
76561198199308373
76561198199337914
76561198200145257
76561198201090693
76561198202455344
76561198202513904
76561198203036049
76561198203579937
76561198205675591
76561198206034509
76561198206336909
76561198207463688
76561198209072627
76561198209460295
76561198210288000
76561198210951099
76561198211512260
76561198213459381
76561198213617224
76561198213693217
76561198213922667
76561198214110211
76561198214973703
76561198215224705
76561198219897271
76561198222183488
76561198224231904
76561198224623296
76561198227657840
76561198227880152
76561198227986604
76561198229467960
76561198230593528
76561198232711556
76561198239229696
76561198244711982
76561198245179092
76561198246421102
76561198248845286
76561198250295930
76561198252436990
76561198254680120
76561198256078815
76561198256202635
76561198256667024
76561198256863254
76561198256893026
76561198257181978
76561198257877296
76561198258919721
76561198259085941
76561198259185312
76561198259475915
76561198260301781
76561198260577473
76561198261849239
76561198261955123
76561198261955614
76561198262134552
76561198263756069
76561198264576571
76561198266106989
76561198267167887
76561198269382387
76561198271046396
76561198271286883
76561198271382917
76561198271529663
76561198271639918
76561198271850631
76561198271920234
76561198272026355
76561198272324755
76561198274209804
76561198275814601
76561198276695631
76561198277022383
76561198277089276
76561198280138466
76561198280651657
76561198280659597
76561198281108513
76561198282021579
76561198282083586
76561198282276458
76561198285808893
76561198286547540
76561198287509548
76561198288208841
76561198288289879
76561198294778095
76561198295506115
76561198297297716
76561198299949190
76561198301164841
76561198301520449
76561198302020134
76561198302529690
76561198303893938
76561198304277527
76561198305932219
76561198307538423
76561198308219663
76561198308899799
76561198309056821
76561198309335661
76561198310067947
76561198311522642
76561198313168077
76561198313682454
76561198313986191
76561198314748509
76561198315319862
76561198317111259
76561198319862585
76561198320091535
76561198320261755
76561198321247027
76561198321970804
76561198322561288
76561198323685868
76561198324276106
76561198325272498
76561198325355597
76561198325541778
76561198326441688
76561198327796918
76561198329186387
76561198330422717
76561198331196195
76561198332320518
76561198332857950
76561198334489649
76561198335852819
76561198335929063
76561198337011605
76561198337045136
76561198337609357
76561198337971820
76561198338101511
76561198338444374
76561198338474711
76561198340344241
76561198341453773
76561198342127721
76561198342675595
76561198343265142
76561198343654266
76561198344574509
76561198344612534
76561198344715936
76561198344796312
76561198345517023
76561198346749036
76561198347284926
76561198347527209
76561198348004676
76561198348330866
76561198348918232
76561198351283767
76561198352867266
76561198353017887
76561198353725622
76561198353838381
76561198353892336
76561198354081004
76561198354417032
76561198354544833
76561198354590008
76561198354591305
76561198355068405
76561198355157584
76561198355295274
76561198355459994
76561198355593538
76561198356450983
76561198357152167
76561198358413521
76561198358497272
76561198359259960
76561198360403626
76561198361860901
76561198362916241
76561198363062262
76561198364535635
76561198365325122
76561198366088663
76561198366719116
76561198368436259
76561198368724267
76561198369933384
76561198370506193
76561198370533290
76561198370582283
76561198371848607
76561198372059615
76561198372388738
76561198372550264
76561198372888206
76561198373024826
76561198374649650
76561198375096797
76561198375450631
76561198375961156
76561198377423633
76561198379220581
76561198379458763
76561198379975688
76561198380861789
76561198381887323
76561198382042415
76561198382785373
76561198382943151
76561198383163934
76561198383282682
76561198383684677
76561198383838351
76561198383878101
76561198384054671
76561198384120999
76561198384193933
76561198384649334
76561198385318012
76561198385331597
76561198385373063
76561198386330171
76561198386682679
76561198386755178
76561198387134447
76561198387743286
76561198388168113
76561198388506317
76561198388658968
76561198388945442
76561198389327942
76561198391726990
76561198391996163
76561198392339356
76561198392390476
76561198392451321
76561198392625633
76561198392953840
76561198392993451
76561198393104896
76561198393398316
76561198393433516
76561198393643744
76561198394272779
76561198394282182
76561198394787747
76561198394974405
76561198395198319
76561198397221689
76561198397265207
76561198398049902
76561198399498083
76561198399821124
76561198400919627
76561198401931612
76561198402021727
76561198402204613
76561198402404500
76561198402466698
76561198402857197
76561198403135553
76561198403511570
76561198403712096
76561198404051861
76561198404163660
76561198404174872
76561198404262801
76561198404294266
76561198405098070
76561198405651440
76561198405697133
76561198405745733
76561198406174530
76561198406319751
76561198406583937
76561198407349761
76561198407664146
76561198407858648
76561198408123966
76561198408523112
76561198408606810
76561198408689296
76561198408959334
76561198409303230
76561198409664994
76561198409815033
76561198410285033
76561198410889872
76561198413022953
76561198413162577
76561198414017849
76561198414167038
76561198414514250
76561198414601484
76561198415021516
76561198415959335
76561198416347918
76561198416501605
76561198416650763
76561198417188657
76561198417255988
76561198418146296
76561198418217491
76561198421008721
76561198421336908
76561198421414833
76561198421637036
76561198422103060
76561198422373960
76561198422885922
76561198423438384
76561198423672259
76561198423760484
76561198424514497
76561198424853918
76561198425401222
76561198428484438
76561198431932251
76561198433471566
76561198434701750
76561198434967805
76561198435340504
76561198435598373
76561198436995629
76561198437020547
76561198438165946
76561198438735474
76561198438998491
76561198439594819
76561198440016099
76561198440055051
76561198440323690
76561198441442130
76561198441502785
76561198441859324
76561198444278771
76561198445585869
76561198445705497
76561198445863148
76561198447161692
76561198448256884
76561198448949906
76561198449144493
76561198449231213
76561198449329157
76561198449639092
76561198449847323
76561198449886954
76561198450919945
76561198451161027
76561198451345608
76561198451918616
76561198452068055
76561198452070746
76561198452075860
76561198452869245
76561198511066905
76561198724157924
76561198740730734
76561198795996556
76561198796225399
76561198796830987
76561198797075510
76561198797368853
76561198797621199
76561198798204895
76561198798289245
76561198798397812
76561198798439047
76561198798827844
76561198799031853
76561198799285186
76561198799307691
76561198799377428
76561198799392084
76561198801108627
76561198801165683
76561198801170798
76561198801333258
76561198801567741
76561198801800398
76561198801861010
76561198802513899
76561198802747749
76561198802849037
76561198803566591
76561198803679684
76561198804304664
76561198804316265
76561198804630868
76561198804891568
76561198805191008
76561198805379756
76561198805501598
76561198806559015
76561198807571190
76561198807781674
76561198808653324
76561198809250754
76561198810446012
76561198811866959
76561198811917259
76561198812077345
76561198813447310
76561198813813787
76561198814782883
76561198815507568
76561198815657633
76561198816390960
76561198816691266
76561198817675660
76561198818254146
76561198819255576
76561198819400644
76561198819787251
76561198819831458
76561198819860023
76561198819905357
76561198820185409
76561198820293485
76561198820322568
76561198820355722
76561198820411361
76561198820790364
76561198821532384
76561198821886249
76561198823028204
76561198823198398
76561198824008537
76561198824324245
76561198824494300
76561198825595547
76561198825675960
76561198825994986
76561198826003301
76561198826261936
76561198826657628
76561198827821943
76561198827972371
76561198828221517
76561198828281418
76561198828391139
76561198829346622
76561198829952393
76561198830017983
76561198830126200
76561198830492799
76561198831225692
76561198832316243
76561198832495198
76561198833011948
76561198834020355
76561198834582739
76561198834828529
76561198835572356
76561198835599988
76561198835724549
76561198835754957
76561198835894724
76561198836033605
76561198836708237
76561198839103650
76561198839612863
76561198840036369
76561198842276700
76561198842380923
76561198842493898
76561198843406036
76561198843521292
76561198844009361
76561198844060094
76561198844313901
76561198844337044
76561198844854070
76561198845365007
76561198845461354
76561198845946479
76561198846820904
76561198847851609
76561198847871736
76561198847916709
76561198848565943
76561198848936142
76561198848952796
76561198849046176
76561198849168076
76561198849394381
76561198850229736
76561198851400815
76561198852124473
76561198852179183
76561198852238402
76561198852442129
76561198852443958
76561198852997320
76561198853224978
76561198854237705
76561198854654211
76561198855795778
76561198856562180
76561198856613536
76561198857079787
76561198857345127
76561198858492999
76561198859231671
76561198861634745
76561198861965677
76561198862136899
76561198862907675
76561198864966393
76561198865005463
76561198865088255
76561198865758149
76561198868487714
76561198868527305
76561198869142483
76561198869150296
76561198869875431
76561198871409250
76561198871760672
76561198872186448
76561198872494328
76561198872707108
76561198872785264
76561198873362576
76561198876490017
76561198876717220
76561198877793356
76561198878053364
76561198879082328
76561198880523021
76561198880814277
76561198881046628
76561198881137091
76561198881476314
76561198882146136
76561198883357825
76561198883976853
76561198884048581
76561198884198807
76561198885957597
76561198886702125
76561198887359315
76561198887997678
76561198890557800
76561198891458664
76561198891946200
76561198891968125
76561198892488244
76561198894706009
76561198906138772
76561198907398486
76561198908180259
76561198911363531
76561198914716024
76561198914837798
76561198918705109
76561198919855567
76561198920041384
76561198920076071
76561198920080769
76561198920265815
76561198920566149
76561198924192513
76561198924699377
76561198925844385
76561198929633144
76561198932860725
76561198933058988
76561198933605366
76561198936520736
76561198945353175
76561198947240802
76561198949109309
76561198951936642
76561198953692133
76561198953976079
76561198956465989
76561198958573151
76561198959050395
76561198959666549
76561198960282727
76561198961228444
76561198961464242
76561198963477772
76561198963658118
76561198964013193
76561198964014599
76561198965234832
76561198965512240
76561198965850955
76561198967362403
76561198967539132
76561198968054992
76561198968543145
76561198968775118
76561198969488471
76561198969659452
76561198969776975
76561198970422736
76561198970676099
76561198970807419
76561198971698539
76561198971840184
76561198972126831
76561198972250465
76561198973330857
76561198973763823
76561198973904520
76561198973925941
76561198974010386
76561198975541564
76561198975557175
76561198976814028
76561198978929033
76561198980050025
76561198980141736
76561198980982275
76561198981251190
76561198981362275
76561198981619199
76561198981883093
76561198982188078
76561198982340375
76561198982345939
76561198982618522
76561198982849046
76561198982851151
76561198983227411
76561198983990570
76561198985492401
76561198986045425
76561198986224720
76561198986263392
76561198986279208
76561198986630565
76561198986877793
76561198987025573
76561198987262284
76561198988968966
76561198989067370
76561198989274512
76561198989983717
76561198990225241
76561198990488974
76561198991165991
76561198991694983
76561198992176974
76561198992525380
76561198992939960
76561198993030156
76561198993413834
76561198995357933
76561198995404693
76561198995664654
76561198996554013
76561198996580964
76561198996660519
76561198998014379
76561198998233765
76561198998512162
76561198999453104
76561199000384494
76561199000961985
76561199002103649
76561199002411384
76561199002815614
76561199003039988
76561199003074632
76561199003111472
76561199005376380
76561199005544563
76561199005889951
76561199006059356
76561199007459275
76561199008875499
76561199010123558
76561199010783922
76561199011038872
76561199012004919
76561199012114898
76561199013395925
76561199013587456
76561199013878038
76561199014055742
76561199014526611
76561199014680224
76561199014855863
76561199014881120
76561199014925914
76561199015181162
76561199015544893
76561199015701370
76561199016002095
76561199016022659
76561199016072880
76561199016368630
76561199016460638
76561199016488961
76561199017324064
76561199018494965
76561199019041939
76561199020637145
76561199021305523
76561199021685381
76561199021804756
76561199022037281
76561199022084455
76561199023589510
76561199024067822
76561199024085331
76561199024227191
76561199024346717
76561199024591783
76561199024893372
76561199024927815
76561199025100053
76561199025960855
76561199026574945
76561199026599650
76561199027138444
76561199027255088
76561199027697928
76561199029038458
76561199029078872
76561199029547725
76561199030485246
76561199031320968
76561199031753988
76561199031814442
76561199032134717
76561199032815804
76561199032949021
76561199033607931
76561199033922588
76561199034461181
76561199035638176
76561199036208799
76561199036252337
76561199036478455
76561199036933692
76561199037059868
76561199038491287
76561199039632223
76561199040298288
76561199040497513
76561199042090532
76561199042125576
76561199042522770
76561199042955852
76561199043315101
76561199043323318
76561199043662245
76561199043726247
76561199044974042
76561199045011701
76561199045338225
76561199046404429
76561199046509632
76561199046961349
76561199048107989
76561199048348259
76561199049420661
76561199049716584
76561199050999021
76561199052729284
76561199052777580
76561199052836167
76561199052957412
76561199053147053
76561199053625796
76561199053805578
76561199054452055
76561199054712274
76561199054714993
76561199054777083
76561199055012202
76561199057589332
76561199058678165
76561199058716762
76561199058942198
76561199059226651
76561199060117143
76561199060158585
76561199060284050
76561199060528861
76561199060593209
76561199061313468
76561199062097312
76561199062638756
76561199064615807
76561199064630127
76561199065063117
76561199065842746
76561199066986123
76561199067925855
76561199068960276
76561199069373721
76561199069975576
76561199070380866
76561199071095684
76561199071147578
76561199071202472
76561199071879976
76561199071941738
76561199072757561
76561199073142280
76561199073419563
76561199074168223
76561199074391758
76561199074476375
76561199074942833
76561199075723051
76561199075789811
76561199075804392
76561199075826037
76561199076219103
76561199076502383
76561199076926113
76561199077081676
76561199077660880
76561199078514139
76561199078694194
76561199079379660
76561199079638974
76561199079659947
76561199081534520
76561199082372459
76561199083515250
76561199084020591
76561199084490930
76561199084693112
76561199085686069
76561199085762564
76561199086322100
76561199087507293
76561199088487882
76561199089132623
76561199089408398
76561199089824354
76561199089901260
76561199092721962
76561199093618795
76561199093941963
76561199094190812
76561199094600705
76561199094795546
76561199095204819
76561199095355103
76561199095883173
76561199096351406
76561199096831756
76561199096952182
76561199096993874
76561199097209739
76561199099059610
76561199099308279
76561199099371614
76561199100812836
76561199101711930
76561199101969701
76561199102786465
76561199103642567
76561199104864670
76561199104957106
76561199105013702
76561199105721898
76561199107877909
76561199108063992
76561199109716523
76561199111107207
76561199112357066
76561199113435214
76561199113462101
76561199113772687
76561199116058507
76561199116120036
76561199117033095
76561199121128209
76561199123079267
76561199123437632
76561199123720752
76561199124872320
76561199125881988
76561199125976727
76561199126126410
76561199126296414
76561199126952441
76561199127034350
76561199128296940
76561199128556983
76561199128923930
76561199129761915
76561199130847824
76561199131913935
76561199132719249
76561199132950516
76561199134486200
76561199134892712
76561199134990927
76561199135985548
76561199136562532
76561199137561972
76561199138735421
76561199140575897
76561199140593604
76561199140839761
76561199141078867
76561199141171974
76561199141888973
76561199143910595
76561199144692700
76561199145176270
76561199145480061
76561199146274841
76561199146659792
76561199148217655
76561199149846682
76561199150470599
76561199150918052
76561199151398676
76561199151565670
76561199152728715
76561199154085217
76561199154181016
76561199154697462
76561199154839600
76561199155339450
76561199155444060
76561199158736422
76561199159110288
76561199159315735
76561199159476284
76561199160173705
76561199160306782
76561199161030255
76561199161863894
76561199162059068
76561199163788016
76561199163817751
76561199164363041
76561199164528143
76561199165317368
76561199165653707
76561199165692312
76561199166040799
76561199166989021
76561199169773004
76561199169847634
76561199171961739
76561199173029735
76561199173138557
76561199173260488
76561199173370037
76561199173534383
76561199173683449
76561199173821094
76561199175043529
76561199175628032
76561199176009323
76561199176483353
76561199177229070
76561199177957347
76561199178691210
76561199178985378
76561199179787156
76561199179969795
76561199182383434
76561199182967436
76561199183034308
76561199184935022
76561199184941278
76561199185045782
76561199185399406
76561199190015879
76561199190729940
76561199191520578
76561199191994185
76561199192890557
76561199192895932
76561199193793660
76561199198314658
76561199198326353
76561199199345559
76561199199436290
76561199201462771
76561199202264253
76561199202749722
76561199204933910
76561199205740059
76561199206329633
76561199207439801
76561199209392111
76561199210813863
76561199211053273
76561199212430618
76561199213305214
