6561197960378258
6561197960495027
6561197960566163
6561197960570183
6561197960692687
6561197960876131
6561197960889889
6561197961314830
6561197961339582
6561197961396759
6561197961507310
6561197961826961
6561197961868612
6561197961954022
6561197962174488
6561197962184163
6561197962186934
6561197962302729
6561197962636535
6561197962753543
6561197962941980
6561197963160551
6561197963292171
6561197963350619
6561197963387377
6561197963546504
6561197963640172
6561197963782350
6561197963883059
6561197963906543
6561197964127616
6561197964284870
6561197964286914
6561197965418880
6561197965628274
6561197967161662
6561197967427725
6561197968248588
6561197970347662
6561197970580992
6561197970711109
6561197970748425
6561197972310318
6561197972498420
6561197973217027
6561197973594580
6561197973851419
6561197974978813
6561197975025086
6561197975505593
6561197975505720
6561197975849600
6561197976811265
6561197980422059
6561197981240122
6561197983807760
6561197984547524
6561197987441972
6561197987585244
6561197988720086
6561197989008536
6561197989349534
6561197989648123
6561197992431367
6561197992711007
6561197992808616
6561197992870439
6561197993632406
6561197994323665
6561197994334846
6561197995070884
6561197995200743
6561197996266992
6561197997029842
6561197997074003
6561197997627549
6561197999508686
6561197999740399
6561198000486660
6561198000952953
6561198003843002
6561198003911389
6561198006529418
6561198008132710
6561198009687529
6561198009792399
6561198010991875
6561198011183423
6561198016145959
6561198016326917
6561198016461001
6561198023942394
6561198024043270
6561198024395788
6561198025544602
6561198025868445
6561198027167951
6561198027298961
6561198031326186
6561198037236956
6561198041707533
6561198041892999
6561198042357220
6561198043587256
6561198043596214
6561198044102841
6561198044793652
6561198044864995
6561198044939986
6561198045294624
6561198045765418
6561198045832776
6561198046621220
6561198046884177
6561198047364828
6561198047942359
6561198048564515
6561198049953976
6561198050206204
6561198053198148
6561198054433544
6561198055638952
6561198056004338
6561198057805830
6561198059122671
6561198059792934
6561198060150013
6561198060383747
6561198061132066
6561198061161536
6561198061311885
6561198062386136
6561198062825731
6561198062878977
6561198063561540
6561198065546417
6561198065867973
6561198066005217
6561198066111766
6561198066579905
6561198066840305
6561198068059056
6561198069112802
6561198071211723
6561198071278015
6561198071630928
6561198071722784
6561198071872626
6561198071921317
6561198072635119
6561198072741657
6561198073813695
6561198074187930
6561198074377128
6561198074418700
6561198075353487
6561198075608819
6561198076099107
6561198076622278
6561198077315686
6561198079342784
6561198079467887
6561198079483032
6561198080396185
6561198080488341
6561198080912087
6561198082463478
6561198082630427
6561198082855171
6561198083666958
6561198084134025
6561198084224579
6561198084286927
6561198084545972
6561198085168502
6561198085992890
6561198087032919
6561198087654338
6561198088556529
6561198089638718
6561198089700450
6561198090215149
6561198090395328
6561198090898399
6561198091646465
6561198091919938
6561198094125968
6561198094719846
6561198096308216
6561198096857039
6561198097720852
6561198098121333
6561198098585393
6561198100298417
6561198101405982
6561198102102959
6561198102746783
6561198103941882
6561198104876962
6561198105352937
6561198105618168
6561198106846870
6561198107373693
6561198107891437
6561198108097060
6561198108329331
6561198108792976
6561198110677513
6561198112088618
6561198112211345
6561198113669508
6561198114381173
6561198115557346
6561198115933092
6561198115957085
6561198116712180
6561198117503490
6561198117654508
6561198118858504
6561198119288810
6561198119506530
6561198119650412
6561198120123076
6561198120856924
6561198121873511
6561198124319472
6561198124531702
6561198124647652
6561198125167280
6561198125761321
6561198125803371
6561198126008695
6561198126723664
6561198127361481
6561198127572615
6561198128065452
6561198128077361
6561198128813654
6561198129075055
6561198129631406
6561198129642883
6561198130047659
6561198130414074
6561198130818517
6561198131105731
6561198131502009
6561198131584938
6561198132095684
6561198132396138
6561198132469161
6561198132639853
6561198133783655
6561198135955785
6561198137175279
6561198137316053
6561198137811691
6561198137957337
6561198138253431
6561198139669552
6561198139775534
6561198140010054
6561198142939338
6561198142962955
6561198143246863
6561198144217938
6561198144315303
6561198144626197
6561198144911224
6561198144957997
6561198145097944
6561198145189978
6561198146441912
6561198149349043
6561198150325060
6561198150809052
6561198151500554
6561198151748298
6561198153254699
6561198154411680
6561198155271828
6561198155443297
6561198155691018
6561198155906067
6561198156099347
6561198156614553
6561198159376127
6561198161541231
6561198162333187
6561198163597644
6561198164387108
6561198164890492
6561198165416497
6561198166142318
6561198166515735
6561198168187929
6561198168295804
6561198168454149
6561198168634900
6561198169029674
6561198169505913
6561198169934557
6561198170140538
6561198170819869
6561198170876278
6561198171596926
6561198171914314
6561198175423091
6561198177466701
6561198177976457
6561198178446566
6561198181389134
6561198182972629
6561198183170027
6561198188544662
6561198189390937
6561198189901769
6561198190526078
6561198192181539
6561198192429522
6561198193858269
6561198195426961
6561198198207214
6561198199019901
6561198199281234
6561198199308373
6561198199337914
6561198200145257
6561198201090693
6561198202455344
6561198202513904
6561198203036049
6561198203579937
6561198205675591
6561198206034509
6561198206336909
6561198207463688
6561198209072627
6561198209460295
6561198210288000
6561198210951099
6561198211512260
6561198213459381
6561198213617224
6561198213693217
6561198213922667
6561198214110211
6561198214973703
6561198215224705
6561198219897271
6561198222183488
6561198224231904
6561198224623296
6561198227657840
6561198227880152
6561198227986604
6561198229467960
6561198230593528
6561198232711556
6561198239229696
6561198244711982
6561198245179092
6561198246421102
6561198248845286
6561198250295930
6561198252436990
6561198254680120
6561198256078815
6561198256202635
6561198256667024
6561198256863254
6561198256893026
6561198257181978
6561198257877296
6561198258919721
6561198259085941
6561198259185312
6561198259475915
6561198260301781
6561198260577473
6561198261849239
6561198261955123
6561198261955614
6561198262134552
6561198263756069
6561198264576571
6561198267167887
6561198269382387
6561198271046396
6561198271286883
6561198271382917
6561198271529663
6561198271639918
6561198271850631
6561198271920234
6561198272026355
6561198272324755
6561198274209804
6561198275814601
6561198276695631
6561198277022383
6561198277089276
6561198280138466
6561198280651657
6561198280659597
6561198281108513
6561198282021579
6561198282083586
6561198282276458
6561198285808893
6561198286547540
6561198287509548
6561198288208841
6561198288289879
6561198294778095
6561198295506115
6561198297297716
6561198299949190
6561198301164841
6561198301520449
6561198302020134
6561198302529690
6561198303893938
6561198304277527
6561198305932219
6561198307538423
6561198308219663
6561198308899799
6561198309056821
6561198309335661
6561198310067947
6561198311522642
6561198313168077
6561198313682454
6561198313986191
6561198314748509
6561198315319862
6561198317111259
6561198319862585
6561198320091535
6561198320261755
6561198321247027
6561198321970804
6561198322561288
6561198323685868
6561198324276106
6561198325272498
6561198325355597
6561198325541778
6561198326441688
6561198327796918
6561198329186387
6561198330422717
6561198331196195
6561198332320518
6561198332857950
6561198334489649
6561198335852819
6561198335929063
6561198337011605
6561198337045136
6561198337609357
6561198337971820
6561198338101511
6561198338444374
6561198338474711
6561198340344241
6561198341453773
6561198342127721
6561198342675595
6561198343265142
6561198343654266
6561198344574509
6561198344612534
6561198344715936
6561198344796312
6561198345517023
6561198346749036
6561198347284926
6561198347527209
6561198348004676
6561198348330866
6561198348918232
6561198351283767
6561198352867266
6561198353017887
6561198353725622
6561198353838381
6561198353892336
6561198354081004
6561198354417032
6561198354544833
6561198354590008
6561198354591305
6561198355068405
6561198355157584
6561198355295274
6561198355459994
6561198355593538
6561198356450983
6561198357152167
6561198358413521
6561198358497272
6561198359259960
6561198360403626
6561198361860901
6561198362916241
6561198363062262
6561198364535635
6561198365325122
6561198366088663
6561198366719116
6561198368436259
6561198368724267
6561198369933384
6561198370506193
6561198370533290
6561198370582283
6561198371848607
6561198372059615
6561198372388738
6561198372550264
6561198372888206
6561198373024826
6561198374649650
6561198375096797
6561198375450631
6561198375961156
6561198377423633
6561198379220581
6561198379458763
6561198379975688
6561198380861789
6561198381887323
6561198382042415
6561198382785373
6561198382943151
6561198383163934
6561198383282682
6561198383684677
6561198383838351
6561198383878101
6561198384054671
6561198384120999
6561198384193933
6561198384649334
6561198385318012
6561198385331597
6561198385373063
6561198386330171
6561198386682679
6561198386755178
6561198387134447
6561198387743286
6561198388168113
6561198388506317
6561198388658968
6561198388945442
6561198389327942
6561198391726990
6561198391996163
6561198392339356
6561198392390476
6561198392451321
6561198392625633
6561198392953840
6561198392993451
6561198393104896
6561198393398316
6561198393433516
6561198393643744
6561198394272779
6561198394282182
6561198394787747
6561198394974405
6561198395198319
6561198397221689
6561198397265207
6561198398049902
6561198399498083
6561198399821124
6561198400919627
6561198401931612
6561198402021727
6561198402204613
6561198402404500
6561198402466698
6561198402857197
6561198403135553
6561198403511570
6561198403712096
6561198404051861
6561198404163660
6561198404174872
6561198404262801
6561198404294266
6561198405098070
6561198405651440
6561198405697133
6561198405745733
6561198406174530
6561198406319751
6561198406583937
6561198407349761
6561198407664146
6561198407858648
6561198408123966
6561198408523112
6561198408606810
6561198408689296
6561198408959334
6561198409303230
6561198409664994
6561198409815033
6561198410285033
6561198410889872
6561198413022953
6561198413162577
6561198414017849
6561198414167038
6561198414514250
6561198414601484
6561198415021516
6561198415959335
6561198416347918
6561198416501605
6561198416650763
6561198417188657
6561198417255988
6561198418146296
6561198418217491
6561198421008721
6561198421336908
6561198421414833
6561198421637036
6561198422103060
6561198422373960
6561198422885922
6561198423438384
6561198423672259
6561198423760484
6561198424514497
6561198424853918
6561198425401222
6561198428484438
6561198431932251
6561198433471566
6561198434701750
6561198434967805
6561198435340504
6561198435598373
6561198436995629
6561198437020547
6561198438165946
6561198438735474
6561198438998491
6561198439594819
6561198440016099
6561198440055051
6561198440323690
6561198441442130
6561198441502785
6561198441859324
6561198444278771
6561198445585869
6561198445705497
6561198445863148
6561198447161692
6561198448256884
6561198448949906
6561198449144493
6561198449231213
6561198449329157
6561198449639092
6561198449847323
6561198449886954
6561198450919945
6561198451161027
6561198451345608
6561198451918616
6561198452068055
6561198452070746
6561198452075860
6561198452869245
6561198511066905
6561198724157924
6561198740730734
6561198795996556
6561198796225399
6561198796830987
6561198797075510
6561198797368853
6561198797621199
6561198798204895
6561198798289245
6561198798397812
6561198798439047
6561198798827844
6561198799031853
6561198799285186
6561198799307691
6561198799377428
6561198799392084
6561198801108627
6561198801165683
6561198801170798
6561198801333258
6561198801567741
6561198801800398
6561198801861010
6561198802513899
6561198802747749
6561198802849037
6561198803566591
6561198803679684
6561198804304664
6561198804316265
6561198804630868
6561198804891568
6561198805191008
6561198805379756
6561198805501598
6561198806559015
6561198807571190
6561198807781674
6561198808653324
6561198809250754
6561198810446012
6561198811866959
6561198811917259
6561198812077345
6561198813447310
6561198813813787
6561198814782883
6561198815507568
6561198815657633
6561198816390960
6561198816691266
6561198817675660
6561198818254146
6561198819255576
6561198819400644
6561198819787251
6561198819831458
6561198819860023
6561198819905357
6561198820185409
6561198820293485
6561198820322568
6561198820355722
6561198820411361
6561198820790364
6561198821532384
6561198821886249
6561198823028204
6561198823198398
6561198824008537
6561198824324245
6561198824494300
6561198825675960
6561198825994986
6561198826003301
6561198826261936
6561198826657628
6561198827821943
6561198827972371
6561198828221517
6561198828281418
6561198828391139
6561198829346622
6561198829952393
6561198830017983
6561198830126200
6561198830492799
6561198831225692
6561198832316243
6561198832495198
6561198833011948
6561198834020355
6561198834582739
6561198834828529
6561198835572356
6561198835599988
6561198835724549
6561198835754957
6561198835894724
6561198836033605
6561198836708237
6561198839103650
6561198839612863
6561198840036369
6561198842276700
6561198842380923
6561198842493898
6561198843406036
6561198843521292
6561198844009361
6561198844060094
6561198844313901
6561198844337044
6561198844854070
6561198845365007
6561198845461354
6561198845946479
6561198846820904
6561198847851609
6561198847871736
6561198847916709
6561198848565943
6561198848936142
6561198848952796
6561198849046176
6561198849168076
6561198849394381
6561198850229736
6561198851400815
6561198852124473
6561198852179183
6561198852238402
6561198852442129
6561198852443958
6561198852997320
6561198853224978
6561198854237705
6561198854654211
6561198855795778
6561198856562180
6561198856613536
6561198857079787
6561198857345127
6561198858492999
6561198859231671
6561198861634745
6561198861965677
6561198862136899
6561198862907675
6561198864966393
6561198865005463
6561198865088255
6561198865758149
6561198868487714
6561198868527305
6561198869142483
6561198869150296
6561198869875431
6561198871409250
6561198871760672
6561198872186448
6561198872494328
6561198872707108
6561198872785264
6561198873362576
6561198876490017
6561198876717220
6561198877793356
6561198878053364
6561198879082328
6561198880523021
6561198880814277
6561198881046628
6561198881137091
6561198881476314
6561198882146136
6561198883357825
6561198883976853
6561198884048581
6561198884198807
6561198885957597
6561198886702125
6561198887359315
6561198887997678
6561198890557800
6561198891458664
6561198891946200
6561198891968125
6561198892488244
6561198894706009
6561198906138772
6561198907398486
6561198908180259
6561198911363531
6561198914716024
6561198914837798
6561198918705109
6561198919855567
6561198920041384
6561198920076071
6561198920080769
6561198920265815
6561198920566149
6561198924192513
6561198924699377
6561198925844385
6561198929633144
6561198932860725
6561198933058988
6561198933605366
6561198936520736
6561198945353175
6561198947240802
6561198949109309
6561198951936642
6561198953692133
6561198953976079
6561198956465989
6561198958573151
6561198959050395
6561198959666549
6561198960282727
6561198961228444
6561198961464242
6561198963477772
6561198963658118
6561198964013193
6561198964014599
6561198965234832
6561198965512240
6561198965850955
6561198967362403
6561198967539132
6561198968054992
6561198968543145
6561198968775118
6561198969488471
6561198969659452
6561198969776975
6561198970422736
6561198970676099
6561198970807419
6561198971698539
6561198971840184
6561198972126831
6561198972250465
6561198973330857
6561198973763823
6561198973904520
6561198973925941
6561198974010386
6561198975541564
6561198975557175
6561198976814028
6561198978929033
6561198980050025
6561198980141736
6561198980982275
6561198981251190
6561198981362275
6561198981619199
6561198981883093
6561198982188078
6561198982340375
6561198982345939
6561198982618522
6561198982849046
6561198982851151
6561198983227411
6561198983990570
6561198985492401
6561198986045425
6561198986224720
6561198986263392
6561198986279208
6561198986630565
6561198986877793
6561198987025573
6561198987262284
6561198988968966
6561198989067370
6561198989274512
6561198989983717
6561198990225241
6561198990488974
6561198991165991
6561198991694983
6561198992176974
6561198992525380
6561198992939960
6561198993030156
6561198993413834
6561198995357933
6561198995404693
6561198995664654
6561198996554013
6561198996580964
6561198996660519
6561198998014379
6561198998233765
6561198998512162
6561198999453104
6561199000384494
6561199000961985
6561199002103649
6561199002411384
6561199002815614
6561199003039988
6561199003074632
6561199003111472
6561199005376380
6561199005544563
6561199005889951
6561199006059356
6561199007459275
6561199008875499
6561199010123558
6561199010783922
6561199011038872
6561199012004919
6561199012114898
6561199013395925
6561199013587456
6561199013878038
6561199014055742
6561199014526611
6561199014680224
6561199014855863
6561199014881120
6561199014925914
6561199015181162
6561199015544893
6561199015701370
6561199016002095
6561199016022659
6561199016072880
6561199016368630
6561199016460638
6561199016488961
6561199017324064
6561199018494965
6561199019041939
6561199020637145
6561199021305523
6561199021685381
6561199021804756
6561199022037281
6561199022084455
6561199023589510
6561199024067822
6561199024085331
6561199024227191
6561199024346717
6561199024591783
6561199024893372
6561199024927815
6561199025100053
6561199025960855
6561199026574945
6561199026599650
6561199027138444
6561199027255088
6561199027697928
6561199029038458
6561199029078872
6561199029547725
6561199030485246
6561199031320968
6561199031753988
6561199031814442
6561199032134717
6561199032815804
6561199032949021
6561199033607931
6561199033922588
6561199034461181
6561199035638176
6561199036208799
6561199036252337
6561199036478455
6561199036933692
6561199037059868
6561199038491287
6561199039632223
6561199040298288
6561199040497513
6561199042090532
6561199042125576
6561199042522770
6561199042955852
6561199043315101
6561199043323318
6561199043662245
6561199043726247
6561199044974042
6561199045011701
6561199045338225
6561199046404429
6561199046509632
6561199046961349
6561199048107989
6561199048348259
6561199049420661
6561199049716584
6561199050999021
6561199052729284
6561199052777580
6561199052836167
6561199052957412
6561199053147053
6561199053625796
6561199053805578
6561199054452055
6561199054712274
6561199054714993
6561199054777083
6561199055012202
6561199057589332
6561199058678165
6561199058716762
6561199058942198
6561199059226651
6561199060117143
6561199060158585
6561199060284050
6561199060528861
6561199060593209
6561199061313468
6561199062097312
6561199062638756
6561199064615807
6561199064630127
6561199065063117
6561199065842746
6561199066986123
6561199067925855
6561199068960276
6561199069373721
6561199069975576
6561199070380866
6561199071095684
6561199071147578
6561199071202472
6561199071879976
6561199071941738
6561199072757561
6561199073142280
6561199073419563
6561199074168223
6561199074391758
6561199074476375
6561199074942833
6561199075723051
6561199075789811
6561199075804392
6561199075826037
6561199076219103
6561199076502383
6561199076926113
6561199077081676
6561199077660880
6561199078514139
6561199078694194
6561199079379660
6561199079638974
6561199079659947
6561199081534520
6561199082372459
6561199083515250
6561199084020591
6561199084490930
6561199084693112
6561199085686069
6561199085762564
6561199086322100
6561199087507293
6561199088487882
6561199089132623
6561199089408398
6561199089824354
6561199089901260
6561199092721962
6561199093618795
6561199093941963
6561199094190812
6561199094600705
6561199094795546
6561199095204819
6561199095355103
6561199095883173
6561199096351406
6561199096831756
6561199096952182
6561199096993874
6561199097209739
6561199099059610
6561199099308279
6561199099371614
6561199100812836
6561199101711930
6561199101969701
6561199102786465
6561199103642567
6561199104864670
6561199104957106
6561199105013702
6561199105721898
6561199107877909
6561199108063992
6561199109716523
6561199111107207
6561199112357066
6561199113435214
6561199113462101
6561199113772687
6561199116058507
6561199116120036
6561199117033095
6561199121128209
6561199123079267
6561199123437632
6561199123720752
6561199124872320
6561199125881988
6561199125976727
6561199126126410
6561199126296414
6561199126952441
6561199127034350
6561199128296940
6561199128556983
6561199128923930
6561199129761915
6561199130847824
6561199131913935
6561199132719249
6561199132950516
6561199134486200
6561199134892712
6561199134990927
6561199135985548
6561199136562532
6561199137561972
6561199138735421
6561199140575897
6561199140593604
6561199140839761
6561199141078867
6561199141171974
6561199141888973
6561199143910595
6561199144692700
6561199145176270
6561199145480061
6561199146274841
6561199146659792
6561199148217655
6561199149846682
6561199150470599
6561199150918052
6561199151398676
6561199151565670
6561199152728715
6561199154085217
6561199154181016
6561199154697462
6561199154839600
6561199155339450
6561199155444060
6561199158736422
6561199159110288
6561199159315735
6561199159476284
6561199160173705
6561199160306782
6561199161030255
6561199161863894
6561199162059068
6561199163788016
6561199163817751
6561199164363041
6561199164528143
6561199165317368
6561199165653707
6561199165692312
6561199166040799
6561199166989021
6561199169773004
6561199169847634
6561199171961739
6561199173029735
6561199173138557
6561199173260488
6561199173370037
6561199173534383
6561199173683449
6561199173821094
6561199175043529
6561199175628032
6561199176009323
6561199176483353
6561199177229070
6561199177957347
6561199178691210
6561199178985378
6561199179787156
6561199179969795
6561199182383434
6561199182967436
6561199183034308
6561199184935022
6561199184941278
6561199185045782
6561199185399406
6561199190015879
6561199190729940
6561199191994185
6561199192890557
6561199192895932
6561199193793660
6561199198314658
6561199198326353
6561199199345559
6561199199436290
6561199201462771
6561199202264253
6561199202749722
6561199204933910
6561199205740059
6561199206329633
6561199207439801
6561199209392111
6561199210813863
6561199211053273
6561199212430618
6561199213305214
76561197960378258
76561197960495027
76561197960566163
76561197960570183
76561197960692687
76561197960876131
76561197960889889
76561197961314830
76561197961339582
76561197961396759
76561197961507310
76561197961826961
76561197961868612
76561197961954022
76561197962174488
76561197962184163
76561197962186934
76561197962302729
76561197962636535
76561197962753543
76561197962941980
76561197963160551
76561197963292171
76561197963350619
76561197963387377
76561197963546504
76561197963640172
76561197963782350
76561197963883059
76561197963906543
76561197964127616
76561197964284870
76561197964286914
76561197965418880
76561197965628274
76561197967161662
76561197967427725
76561197968248588
76561197970347662
76561197970580992
76561197970711109
76561197970748425
76561197972310318
76561197972498420
76561197973217027
76561197973594580
76561197973851419
76561197974978813
76561197975025086
76561197975505593
76561197975505720
76561197975849600
76561197976811265
76561197980422059
76561197981240122
76561197983807760
76561197984547524
76561197987441972
76561197987585244
76561197988720086
76561197989008536
76561197989349534
76561197989648123
76561197992431367
76561197992711007
76561197992808616
76561197992870439
76561197993632406
76561197994323665
76561197994334846
76561197995070884
76561197995200743
76561197996266992
76561197997029842
76561197997074003
76561197997627549
76561197999508686
76561197999740399
76561198000486660
76561198000952953
76561198003843002
76561198003911389
76561198006529418
76561198008132710
76561198009687529
76561198009792399
76561198010991875
76561198011183423
76561198016145959
76561198016326917
76561198016461001
76561198023942394
76561198024043270
76561198024395788
76561198025544602
76561198025868445
76561198027167951
76561198027298961
76561198030847738
76561198031326186
76561198037236956
76561198041707533
76561198041892999
76561198042357220
76561198043587256
76561198043596214
76561198044102841
76561198044793652
76561198044864995
76561198044939986
76561198045294624
76561198045765418
76561198045832776
76561198046621220
76561198046884177
76561198047364828
76561198047942359
76561198048564515
76561198049953976
76561198050206204
76561198053198148
76561198054433544
76561198055638952
76561198056004338
76561198057805830
76561198059122671
76561198059792934
76561198060150013
76561198060383747
76561198061132066
76561198061161536
76561198061311885
76561198062386136
76561198062825731
76561198062878977
76561198063561540
76561198065546417
76561198065867973
76561198066005217
76561198066111766
76561198066579905
76561198066840305
76561198068059056
76561198069112802
76561198071211723
76561198071278015
76561198071630928
76561198071722784
76561198071872626
76561198071921317
76561198072635119
76561198072741657
76561198073529285
76561198073813695
76561198074187930
76561198074377128
76561198074418700
76561198075353487
76561198075608819
76561198076099107
76561198076622278
76561198077315686
76561198079342784
76561198079467887
76561198079483032
76561198080396185
76561198080488341
76561198080912087
76561198082463478
76561198082630427
76561198082855171
76561198083666958
76561198084134025
76561198084224579
76561198084286927
76561198084545972
76561198085168502
76561198085992890
76561198087032919
76561198087654338
76561198088556529
76561198089638718
76561198089700450
76561198090215149
76561198090395328
76561198090898399
76561198091646465
76561198091919938
76561198094125968
76561198094719846
76561198096308216
76561198096857039
76561198097720852
76561198098121333
76561198098585393
76561198100298417
76561198101405982
76561198102102959
76561198102746783
76561198103941882
76561198104876962
76561198105352937
76561198105618168
76561198106846870
76561198107373693
76561198107891437
76561198108097060
76561198108329331
76561198108792976
76561198110677513
76561198112088618
76561198112211345
76561198113669508
76561198114381173
76561198115557346
76561198115933092
76561198115957085
76561198116712180
76561198117503490
76561198117654508
76561198118858504
76561198119288810
76561198119506530
76561198119650412
76561198120123076
76561198120856924
76561198121873511
76561198124319472
76561198124531702
76561198124647652
76561198125167280
76561198125761321
76561198125803371
76561198126008695
76561198126723664
76561198127361481
76561198127572615
76561198128065452
76561198128077361
76561198128813654
76561198129075055
76561198129631406
76561198129642883
76561198130047659
76561198130414074
76561198130818517
76561198131105731
76561198131502009
76561198131584938
76561198132095684
76561198132396138
76561198132469161
76561198132639853
76561198133783655
76561198135955785
76561198137175279
76561198137316053
76561198137811691
76561198137957337
76561198138253431
76561198139669552
76561198139775534
76561198140010054
76561198142939338
76561198142962955
76561198143246863
76561198144217938
76561198144315303
76561198144626197
76561198144911224
76561198144957997
76561198145097944
76561198145189978
76561198146441912
76561198149349043
76561198150325060
76561198150809052
76561198151500554
76561198151748298
76561198153254699
76561198154411680
76561198155271828
76561198155443297
76561198155691018
76561198155906067
76561198156099347
76561198156614553
76561198159376127
76561198161541231
76561198162333187
76561198163597644
76561198164387108
76561198164890492
76561198165416497
76561198166142318
76561198166515735
76561198168187929
76561198168295804
76561198168454149
76561198168634900
76561198169029674
76561198169505913
76561198169934557
76561198170140538
76561198170819869
76561198170876278
76561198171596926
76561198171914314
76561198175423091
76561198177466701
76561198177976457
76561198178446566
76561198181389134
76561198182972629
76561198183170027
76561198188544662
76561198189390937
76561198189901769
76561198190526078
76561198192181539
76561198192429522
76561198193858269
76561198195426961
76561198198207214
76561198199019901
76561198199281234
76561198199308373
76561198199337914
76561198200145257
76561198201090693
76561198202455344
76561198202513904
76561198203036049
76561198203579937
76561198205675591
76561198206034509
76561198206336909
76561198207463688
76561198209072627
76561198209460295
76561198210288000
76561198210951099
76561198211512260
76561198213459381
76561198213617224
76561198213693217
76561198213922667
76561198214110211
76561198214973703
76561198215224705
76561198219897271
76561198222183488
76561198224231904
76561198224623296
76561198227657840
76561198227880152
76561198227986604
76561198229467960
76561198230593528
76561198232711556
76561198239229696
76561198244711982
76561198245179092
76561198246421102
76561198248845286
76561198250295930
76561198252436990
76561198254680120
76561198256078815
76561198256202635
76561198256667024
76561198256863254
76561198256893026
76561198257181978
76561198257877296
76561198258919721
76561198259085941
76561198259185312
76561198259475915
76561198260301781
76561198260577473
76561198261849239
76561198261955123
76561198261955614
76561198262134552
76561198263756069
76561198264576571
76561198266106989
76561198267167887
76561198269382387
76561198271046396
76561198271286883
76561198271382917
76561198271529663
76561198271639918
76561198271850631
76561198271920234
76561198272026355
76561198272324755
76561198274209804
76561198275814601
76561198276695631
76561198277022383
76561198277089276
76561198280138466
76561198280651657
76561198280659597
76561198281108513
76561198282021579
76561198282083586
76561198282276458
76561198285808893
76561198286547540
76561198287509548
76561198288208841
76561198288289879
76561198294778095
76561198295506115
76561198297297716
76561198299949190
76561198301164841
76561198301520449
76561198302020134
76561198302529690
76561198303893938
76561198304277527
76561198305932219
76561198307538423
76561198308219663
76561198308899799
76561198309056821
76561198309335661
76561198310067947
76561198311522642
76561198313168077
76561198313682454
76561198313986191
76561198314748509
76561198315319862
76561198317111259
76561198319862585
76561198320091535
76561198320261755
76561198321247027
76561198321970804
76561198322561288
76561198323685868
76561198324276106
76561198325272498
76561198325355597
76561198325541778
76561198326441688
76561198327796918
76561198329186387
76561198330422717
76561198331196195
76561198332320518
76561198332857950
76561198334489649
76561198335852819
76561198335929063
76561198337011605
76561198337045136
76561198337609357
76561198337971820
76561198338101511
76561198338444374
76561198338474711
76561198340344241
76561198341453773
76561198342127721
76561198342675595
76561198343265142
76561198343654266
76561198344574509
76561198344612534
76561198344715936
76561198344796312
76561198345517023
76561198346749036
76561198347284926
76561198347527209
76561198348004676
76561198348330866
76561198348918232
76561198351283767
76561198352867266
76561198353017887
76561198353725622
76561198353838381
76561198353892336
76561198354081004
76561198354417032
76561198354544833
76561198354590008
76561198354591305
76561198355068405
76561198355157584
76561198355295274
76561198355459994
76561198355593538
76561198356450983
76561198357152167
76561198358413521
76561198358497272
76561198359259960
76561198360403626
76561198361860901
76561198362916241
76561198363062262
76561198364535635
76561198365325122
76561198366088663
76561198366719116
76561198368436259
76561198368724267
76561198369933384
76561198370506193
76561198370533290
76561198370582283
76561198371848607
76561198372059615
76561198372388738
76561198372550264
76561198372888206
76561198373024826
76561198374649650
76561198375096797
76561198375450631
76561198375961156
76561198377423633
76561198379220581
76561198379458763
76561198379975688
76561198380861789
76561198381887323
76561198382042415
76561198382785373
76561198382943151
76561198383163934
76561198383282682
76561198383684677
76561198383838351
76561198383878101
76561198384054671
76561198384120999
76561198384193933
76561198384649334
76561198385318012
76561198385331597
76561198385373063
76561198386330171
76561198386682679
76561198386755178
76561198387134447
76561198387743286
76561198388168113
76561198388506317
76561198388658968
76561198388945442
76561198389327942
76561198391726990
76561198391996163
76561198392339356
76561198392390476
76561198392451321
76561198392625633
76561198392953840
76561198392993451
76561198393104896
76561198393398316
76561198393433516
76561198393643744
76561198394272779
76561198394282182
76561198394787747
76561198394974405
76561198395198319
76561198397221689
76561198397265207
76561198398049902
76561198399498083
76561198399821124
76561198400919627
76561198401931612
76561198402021727
76561198402204613
76561198402404500
76561198402466698
76561198402857197
76561198403135553
76561198403511570
76561198403712096
76561198404051861
76561198404163660
76561198404174872
76561198404262801
76561198404294266
76561198405098070
76561198405651440
76561198405697133
76561198405745733
76561198406174530
76561198406319751
76561198406583937
76561198407349761
76561198407664146
76561198407858648
76561198408123966
76561198408523112
76561198408606810
76561198408689296
76561198408959334
76561198409303230
76561198409664994
76561198409815033
76561198410285033
76561198410889872
76561198413022953
76561198413162577
76561198414017849
76561198414167038
76561198414514250
76561198414601484
76561198415021516
76561198415959335
76561198416347918
76561198416501605
76561198416650763
76561198417188657
76561198417255988
76561198418146296
76561198418217491
76561198421008721
76561198421336908
76561198421414833
76561198421637036
76561198422103060
76561198422373960
76561198422885922
76561198423438384
76561198423672259
76561198423760484
76561198424514497
76561198424853918
76561198425401222
76561198428484438
76561198431932251
76561198433471566
76561198434701750
76561198434967805
76561198435340504
76561198435598373
76561198436995629
76561198437020547
76561198438165946
76561198438735474
76561198438998491
76561198439594819
76561198440016099
76561198440055051
76561198440323690
76561198441442130
76561198441502785
76561198441859324
76561198444278771
76561198445585869
76561198445705497
76561198445863148
76561198447161692
76561198448256884
76561198448949906
76561198449144493
76561198449231213
76561198449329157
76561198449639092
76561198449847323
76561198449886954
76561198450919945
76561198451161027
76561198451345608
76561198451918616
76561198452068055
76561198452070746
76561198452075860
76561198452869245
76561198511066905
76561198724157924
76561198740730734
76561198795996556
76561198796225399
76561198796830987
76561198797075510
76561198797368853
76561198797621199
76561198798204895
76561198798289245
76561198798397812
76561198798439047
76561198798827844
76561198799031853
76561198799285186
76561198799307691
76561198799377428
76561198799392084
76561198801108627
76561198801165683
76561198801170798
76561198801333258
76561198801567741
76561198801800398
76561198801861010
76561198802513899
76561198802747749
76561198802849037
76561198803566591
76561198803679684
76561198804304664
76561198804316265
76561198804630868
76561198804891568
76561198805191008
76561198805379756
76561198805501598
76561198806559015
76561198807571190
76561198807781674
76561198808653324
76561198809250754
76561198810446012
76561198811866959
76561198811917259
76561198812077345
76561198813447310
76561198813813787
76561198814782883
76561198815507568
76561198815657633
76561198816390960
76561198816691266
76561198817675660
76561198818254146
76561198819255576
76561198819400644
76561198819787251
76561198819831458
76561198819860023
76561198819905357
76561198820185409
76561198820293485
76561198820322568
76561198820355722
76561198820411361
76561198820790364
76561198821532384
76561198821886249
76561198823028204
76561198823198398
76561198824008537
76561198824324245
76561198824494300
76561198825595547
76561198825675960
76561198825994986
76561198826003301
76561198826261936
76561198826657628
76561198827821943
76561198827972371
76561198828221517
76561198828281418
76561198828391139
76561198829346622
76561198829952393
76561198830017983
76561198830126200
76561198830492799
76561198831225692
76561198832316243
76561198832495198
76561198833011948
76561198834020355
76561198834582739
76561198834828529
76561198835572356
76561198835599988
76561198835724549
76561198835754957
76561198835894724
76561198836033605
76561198836708237
76561198839103650
76561198839612863
76561198840036369
76561198842276700
76561198842380923
76561198842493898
76561198843406036
76561198843521292
76561198844009361
76561198844060094
76561198844313901
76561198844337044
76561198844854070
76561198845365007
76561198845461354
76561198845946479
76561198846820904
76561198847851609
76561198847871736
76561198847916709
76561198848565943
76561198848936142
76561198848952796
76561198849046176
76561198849168076
76561198849394381
76561198850229736
76561198851400815
76561198852124473
76561198852179183
76561198852238402
76561198852442129
76561198852443958
76561198852997320
76561198853224978
76561198854237705
76561198854654211
76561198855795778
76561198856562180
76561198856613536
76561198857079787
76561198857345127
76561198858492999
76561198859231671
76561198861634745
76561198861965677
76561198862136899
76561198862907675
76561198864966393
76561198865005463
76561198865088255
76561198865758149
76561198868487714
76561198868527305
76561198869142483
76561198869150296
76561198869875431
76561198871409250
76561198871760672
76561198872186448
76561198872494328
76561198872707108
76561198872785264
76561198873362576
76561198876490017
76561198876717220
76561198877793356
76561198878053364
76561198879082328
76561198880523021
76561198880814277
76561198881046628
76561198881137091
76561198881476314
76561198882146136
76561198883357825
76561198883976853
76561198884048581
76561198884198807
76561198885957597
76561198886702125
76561198887359315
76561198887997678
76561198890557800
76561198891458664
76561198891946200
76561198891968125
76561198892488244
76561198894706009
76561198906138772
76561198907398486
76561198908180259
76561198911363531
76561198914716024
76561198914837798
76561198918705109
76561198919855567
76561198920041384
76561198920076071
76561198920080769
76561198920265815
76561198920566149
76561198924192513
76561198924699377
76561198925844385
76561198929633144
76561198932860725
76561198933058988
76561198933605366
76561198936520736
76561198945353175
76561198947240802
76561198949109309
76561198951936642
76561198953692133
76561198953976079
76561198956465989
76561198958573151
76561198959050395
76561198959666549
76561198960282727
76561198961228444
76561198961464242
76561198963477772
76561198963658118
76561198964013193
76561198964014599
76561198965234832
76561198965512240
76561198965850955
76561198967362403
76561198967539132
76561198968054992
76561198968543145
76561198968775118
76561198969488471
76561198969659452
76561198969776975
76561198970422736
76561198970676099
76561198970807419
76561198971698539
76561198971840184
76561198972126831
76561198972250465
76561198973330857
76561198973763823
76561198973904520
76561198973925941
76561198974010386
76561198975541564
76561198975557175
76561198976814028
76561198978929033
76561198980050025
76561198980141736
76561198980982275
76561198981251190
76561198981362275
76561198981619199
76561198981883093
76561198982188078
76561198982340375
76561198982345939
76561198982618522
76561198982849046
76561198982851151
76561198983227411
76561198983990570
76561198985492401
76561198986045425
76561198986224720
76561198986263392
76561198986279208
76561198986630565
76561198986877793
76561198987025573
76561198987262284
76561198988968966
76561198989067370
76561198989274512
76561198989983717
76561198990225241
76561198990488974
76561198991165991
76561198991694983
76561198992176974
76561198992525380
76561198992939960
76561198993030156
76561198993413834
76561198995357933
76561198995404693
76561198995664654
76561198996554013
76561198996580964
76561198996660519
76561198998014379
76561198998233765
76561198998512162
76561198999453104
76561199000384494
76561199000961985
76561199002103649
76561199002411384
76561199002815614
76561199003039988
76561199003074632
76561199003111472
76561199005376380
76561199005544563
76561199005889951
76561199006059356
76561199007459275
76561199008875499
76561199010123558
76561199010783922
76561199011038872
76561199012004919
76561199012114898
76561199013395925
76561199013587456
76561199013878038
76561199014055742
76561199014526611
76561199014680224
76561199014855863
76561199014881120
76561199014925914
76561199015181162
76561199015544893
76561199015701370
76561199016002095
76561199016022659
76561199016072880
76561199016368630
76561199016460638
76561199016488961
76561199017324064
76561199018494965
76561199019041939
76561199020637145
76561199021305523
76561199021685381
76561199021804756
76561199022037281
76561199022084455
76561199023589510
76561199024067822
76561199024085331
76561199024227191
76561199024346717
76561199024591783
76561199024893372
76561199024927815
76561199025100053
76561199025960855
76561199026574945
76561199026599650
76561199027138444
76561199027255088
76561199027697928
76561199029038458
76561199029078872
76561199029547725
76561199030485246
76561199031320968
76561199031753988
76561199031814442
76561199032134717
76561199032815804
76561199032949021
76561199033607931
76561199033922588
76561199034461181
76561199035638176
76561199036208799
76561199036252337
76561199036478455
76561199036933692
76561199037059868
76561199038491287
76561199039632223
76561199040298288
76561199040497513
76561199042090532
76561199042125576
76561199042522770
76561199042955852
76561199043315101
76561199043323318
76561199043662245
76561199043726247
76561199044974042
76561199045011701
76561199045338225
76561199046404429
76561199046509632
76561199046961349
76561199048107989
76561199048348259
76561199049420661
76561199049716584
76561199050999021
76561199052729284
76561199052777580
76561199052836167
76561199052957412
76561199053147053
76561199053625796
76561199053805578
76561199054452055
76561199054712274
76561199054714993
76561199054777083
76561199055012202
76561199057589332
76561199058678165
76561199058716762
76561199058942198
76561199059226651
76561199060117143
76561199060158585
76561199060284050
76561199060528861
76561199060593209
76561199061313468
76561199062097312
76561199062638756
76561199064615807
76561199064630127
76561199065063117
76561199065842746
76561199066986123
76561199067925855
76561199068960276
76561199069373721
76561199069975576
76561199070380866
76561199071095684
76561199071147578
76561199071202472
76561199071879976
76561199071941738
76561199072757561
76561199073142280
76561199073419563
76561199074168223
76561199074391758
76561199074476375
76561199074942833
76561199075723051
76561199075789811
76561199075804392
76561199075826037
76561199076219103
76561199076502383
76561199076926113
76561199077081676
76561199077660880
76561199078514139
76561199078694194
76561199079379660
76561199079638974
76561199079659947
76561199081534520
76561199082372459
76561199083515250
76561199084020591
76561199084490930
76561199084693112
76561199085686069
76561199085762564
76561199086322100
76561199087507293
76561199088487882
76561199089132623
76561199089408398
76561199089824354
76561199089901260
76561199092721962
76561199093618795
76561199093941963
76561199094190812
76561199094600705
76561199094795546
76561199095204819
76561199095355103
76561199095883173
76561199096351406
76561199096831756
76561199096952182
76561199096993874
76561199097209739
76561199099059610
76561199099308279
76561199099371614
76561199100812836
76561199101711930
76561199101969701
76561199102786465
76561199103642567
76561199104864670
76561199104957106
76561199105013702
76561199105721898
76561199107877909
76561199108063992
76561199109716523
76561199111107207
76561199112357066
76561199113435214
76561199113462101
76561199113772687
76561199116058507
76561199116120036
76561199117033095
76561199121128209
76561199123079267
76561199123437632
76561199123720752
76561199124872320
76561199125881988
76561199125976727
76561199126126410
76561199126296414
76561199126952441
76561199127034350
76561199128296940
76561199128556983
76561199128923930
76561199129761915
76561199130847824
76561199131913935
76561199132719249
76561199132950516
76561199134486200
76561199134892712
76561199134990927
76561199135985548
76561199136562532
76561199137561972
76561199138735421
76561199140575897
76561199140593604
76561199140839761
76561199141078867
76561199141171974
76561199141888973
76561199143910595
76561199144692700
76561199145176270
76561199145480061
76561199146274841
76561199146659792
76561199148217655
76561199149846682
76561199150470599
76561199150918052
76561199151398676
76561199151565670
76561199152728715
76561199154085217
76561199154181016
76561199154697462
76561199154839600
76561199155339450
76561199155444060
76561199158736422
76561199159110288
76561199159315735
76561199159476284
76561199160173705
76561199160306782
76561199161030255
76561199161863894
76561199162059068
76561199163788016
76561199163817751
76561199164363041
76561199164528143
76561199165317368
76561199165653707
76561199165692312
76561199166040799
76561199166989021
76561199169773004
76561199169847634
76561199171961739
76561199173029735
76561199173138557
76561199173260488
76561199173370037
76561199173534383
76561199173683449
76561199173821094
76561199175043529
76561199175628032
76561199176009323
76561199176483353
76561199177229070
76561199177957347
76561199178691210
76561199178985378
76561199179787156
76561199179969795
76561199182383434
76561199182967436
76561199183034308
76561199184935022
76561199184941278
76561199185045782
76561199185399406
76561199190015879
76561199190729940
76561199191520578
76561199191994185
76561199192890557
76561199192895932
76561199193793660
76561199198314658
76561199198326353
76561199199345559
76561199199436290
76561199201462771
76561199202264253
76561199202749722
76561199204933910
76561199205740059
76561199206329633
76561199207439801
76561199209392111
76561199210813863
76561199211053273
76561199212430618
76561199213305214
