110378
300435
304455
426937
479730
543602
748294
795990
826236
871305
1131031
1411360
1499748
1547677
1548820
1602884
1688294
1691706
1826971
1867592
1902700
2017085
2078452
2495131
3090360
3121649
3298857
3355867
3516622
3593159
3617331
4225596
7161997
7240251
9344114
10081934
11118662
15099480
15240372
15849550
16944372
20196337
27176244
28352151
32445279
32868238
34069118
34805156
38796364
38796546
39417307
40220932
40687225
40823423
43577274
47278309
47745100
49526671
55064033
56195273
56850276
61438565
64589713
65101530
65602717
66728419
71094358
71354157
74082796
77296844
81967999
82397789
94493029
94578106
95373224
95687969
96988503
97621727
97820413
99674586
100803189
101046157
101676178
102438035
102613249
104019511
104591548
106612944
106753959
108010598
108154968
111320042
111365200
111727295
112073458
112557407
115343091
115833379
118019931
120222613
120836023
121623564
121956403
122364699
123734266
124021199
124280244
129372990
129634044
130122867
131030460
131654210
136042488
136608102
140032689
141837231
144611234
145352440
146872269
147831332
151729549
153403780
156446452
157388780
159384684
159813589
160530477
163648663
164901552
165126781
165537643
165998832
168547926
170552789
171829956
173444279
175690057
176909551
177545963
179620657
179744326
182981135
183608429
183952210
184360469
194397494
196286112
197193067
199110399
202067459
204202480
204385706
205150769
205876590
207300999
207572859
208369172
208901157
210554141
211331198
222706901
225443263
228278934
229125209
230946279
233592541
236275737
236327626
238416754
239042645
240824965
245768781
247197960
247893525
249194567
251246532
253193653
253427489
253656939
253844483
254958977
255242869
256908184
259071983
264376528
265197376
268253336
270327800
271631652
274974940
275434818
279552696
282470170
288440644
288728546
290030202
295280537
295813087
296273550
296401296
296627298
297889732
298653993
298786441
298799175
299502794
302006379
304256835
311117189
311705856
311760627
321944555
327243820
327297722
330896953
335216384
335779793
336890826
340899113
341254721
341643035
342810712
344259748
345124487
346658909
347953935
348791093
349262468
351256914
352524729
353416726
356845531
358544256
360048884
361424349
362617362
365377624
367531190
368920659
369668186
370481270
371388979
373004559
374035956
374499917
376722142
376745877
376776314
377469057
378208983
380466074
380927964
383357207
383634803
384308781
384450208
386483308
386852779
387019198
387200151
391015617
391728196
392740807
392752159
393146231
394080314
394279105
394325577
394802677
396185255
396886439
397479689
397986588
398147793
398231544
398512520
399351964
400440178
401595173
402488317
403766283
404269907
408170531
410012848
410461024
411120933
412123010
412622478
412666083
414383922
414938287
415695428
415767324
416779199
417474113
418973522
419193035
420214317
422420813
422898206
423788943
425065869
426416951
426489450
427902385
428240589
428768578
430167405
431730435
432073628
432395261
432968069
434007051
434519463
434522019
434720920
434932591
437519633
439642956
440778620
441301982
441613044
442138772
442612352
442897916
443465937
444028538
444240650
444286113
447108952
448693606
449399266
449549305
450019305
451168340
451334419
452051114
452757225
452896849
453752121
453901310
454335756
455693607
455816604
456922929
456990260
458484656
459524798
460742993
460787424
460967390
461071180
461469888
461519809
464092391
464248769
464588190
464974939
465135494
466595740
471995207
472401087
472573529
472948843
474702077
475074776
478469746
479406224
480090470
482385112
483035847
483883970
484192480
485439769
487991156
488471977
488730659
489063429
489080181
490152754
490284148
491079880
491652888
491955931
835332480
835890375
836724860
836809782
837124409
837355471
838132084
838901039
839370995
841271714
841735208
842248171
842918336
844225404
844295648
844312366
844365140
845114028
845235870
845531589
847216059
848985026
849882545
850373602
851651531
851811617
855060122
855391905
856602810
857079802
857653985
858895376
858989848
859134916
859482007
859495669
859639629
859917124
860089994
860705023
861098908
861300675
862307140
862317761
862727921
862729419
863324091
864874383
865410232
865737573
865741411
865849498
867669447
867706643
867810064
867951015
868125411
869752255
872229470
872746220
873310510
874317011
874878500
875306628
875489229
875628996
878049574
879096646
879347135
882010972
882054896
882147534
883306465
884071316
884588342
885866798
886555176
887585881
887606008
889128653
890157449
891664587
891972674
892176401
892178230
893971977
894808711
896814059
899263690
901052341
901871171
902353804
902641947
904496654
904700665
907262608
907871942
908261577
911494944
911920720
917527628
917552392
918951099
920548549
922824711
923711125
923933079
925471029
926844562
927731950
933428031
937780982
946778118
947132758
960380954
961676494
967620367
969736850
979308945
981248779
984961126
985087447
986679161
986975074
989972871
991670914
992958391
993873609
999400821
1000962716
1003748871
1004583979
1004969104
1007705714
1008021286
1008509390
1008554137
1010331928
1010915097
1011984737
1013390072
1013660213
1018688777
1019784297
1021451712
1021953970
1022352794
1022583318
1025915115
1026759845
1026996556
1028223748
1029008784
1030900263
1031099407
1032105772
1033882866
1040118766
1040696257
1045793628
1050518194
1050773144
1052657961
1053041030
1053130197
1053223251
1053400644
1054301554
1054590135
1055224911
1055807152
1057405471
1058229237
1058893317
1061818727
1063802094
1064056695
1064326055
1064627644
1068813144
1069281997
1069601216
1070153158
1071168911
1077419257
1078225559
1079366495
1080231785
1082793560
1083057590
1084708314
1085072497
1085174982
1085343792
1086243904
1086321120
1087134688
1089154933
1090305938
1092199734
1094511355
1096818986
1096983183
1097380856
1097932520
1098960923
1100018322
1100263133
1100358997
1100707417
1102151487
1104143794
1104364399
1106720395
1107660127
1109107993
1110881850
1111005375
1112876552
1114677105
1115538664
1115953375
1117455213
1117891356
1118486754
1119113932
1119127152
1119394219
1125496836
1126798326
1127241565
1128866895
1129635532
1131633551
1133676235
1134334977
1134529818
1136686454
1136821807
1136944011
1137965788
1138827526
1141703973
1142396375
1144367847
1144598942
1144747974
1145125474
1145456170
1145561490
1146555441
1147794661
1147798264
1149084144
1150841479
1155751274
1156201869
1159627469
1160738379
1160862481
1161779450
1163060212
1163455024
1164606592
1165710999
1166476953
1166686713
1168291255
1170582096
1174167762
1176100391
1176917359
1180355842
1180574033
1180952774
1181051702
1181065911
1181078571
1181211845
1181381745
1181409968
1193595024
1198844560
1204262415
1205426584
1209507276
1209581906
1212764007
1213104309
1214369743
1217691619
1219704067
1219861555
1223412001
1224869566
1230483943
1231850813
1232745708
1253754643
