76561197960376106
76561197960566163
76561197960570183
76561197960692665
76561197960745458
76561197960809330
76561197961014022
76561197961061718
76561197961091964
76561197961137033
76561197961396759
76561197961677088
76561197961765476
76561197961813405
76561197961814548
76561197961868612
76561197961954022
76561197961957434
76561197962092699
76561197962133320
76561197962168428
76561197962282813
76561197962344180
76561197962760859
76561197963356088
76561197963387377
76561197963564585
76561197963621595
76561197963782350
76561197963858887
76561197963883059
76561197964491324
76561197967427725
76561197967505979
76561197969609842
76561197970347662
76561197971384390
76561197975365208
76561197975506100
76561197976115278
76561197977210100
76561197980462065
76561197987441972
76561197988617879
76561197992711007
76561197993133966
76561197994334846
76561197995070884
76561197999062092
76561197999062274
76561197999683035
76561198000486660
76561198000952953
76561198001089151
76561198003843002
76561198007544037
76561198008010828
76561198009792399
76561198015329761
76561198016461001
76561198017116004
76561198021704293
76561198024855441
76561198025367258
76561198025868445
76561198026994147
76561198031360086
76561198031619885
76561198034348524
76561198037562572
76561198042233727
76561198042663517
76561198054758757
76561198054843834
76561198055638952
76561198055953697
76561198057254231
76561198057887455
76561198058086141
76561198059940314
76561198061068917
76561198061311885
76561198061941906
76561198062703763
76561198062878977
76561198064285239
76561198064857276
76561198066878672
76561198067019687
76561198068276326
76561198068420696
76561198071585770
76561198071630928
76561198071993023
76561198072339186
76561198072823135
76561198075608819
76561198076099107
76561198078285659
76561198080488341
76561198081101751
76561198081889292
76561198082222131
76561198082630427
76561198083999994
76561198084286927
76561198084545972
76561198089638718
76561198089899772
76561198090388595
76561198091296188
76561198091919938
76561198096308216
76561198096873830
76561198100298417
76561198102102959
76561198104876962
76561198105618168
76561198107137997
76561198108097060
76561198111995277
76561198113669508
76561198116712180
76561198117654508
76561198119650412
76561198120079317
76561198120796205
76561198123914391
76561198125167280
76561198125392509
76561198125803371
76561198126264560
76561198128813654
76561198130818517
76561198132095684
76561198133710007
76561198135955785
76561198137175279
76561198137811691
76561198139886385
76561198140010054
76561198143246863
76561198143874157
76561198144217938
76561198144626197
76561198154663222
76561198156551840
76561198157458795
76561198159376127
76561198162333187
76561198164468208
76561198164651434
76561198165416497
76561198166142318
76561198167566727
76561198167838587
76561198168634900
76561198169166885
76561198170819869
76561198171596926
76561198182972629
76561198185708991
76561198188544662
76561198189390937
76561198191212007
76561198193858269
76561198196541465
76561198196593354
76561198198682482
76561198199308373
76561198201090693
76561198206034509
76561198207463688
76561198208159253
76561198209460295
76561198211512260
76561198213459381
76561198213693217
76561198213922667
76561198214110211
76561198215224705
76561198215508597
76561198217173912
76561198219337711
76561198224642256
76561198225463104
76561198228519064
76561198230593528
76561198231897380
76561198235240668
76561198235700546
76561198239818424
76561198242735898
76561198248706372
76561198248994274
76561198250295930
76561198255546265
76561198256078815
76561198256539278
76561198256667024
76561198256893026
76561198258155460
76561198258919721
76561198259052169
76561198259064903
76561198259768522
76561198262272107
76561198264522563
76561198271382917
76561198271971584
76561198272026355
76561198282210283
76561198287509548
76561198287563450
76561198291162681
76561198295482112
76561198296045521
76561198297156554
76561198301164841
76561198301520449
76561198301908763
76561198303076440
76561198304525476
76561198305390215
76561198306924637
76561198308219663
76561198309056821
76561198309528196
76561198311522642
76561198312790457
76561198313682454
76561198317111259
76561198318809984
76561198320314612
76561198321690077
76561198322883090
76561198325643352
76561198327796918
76561198329186387
76561198329933914
76561198330746998
76561198331654707
76561198333270287
76561198334301684
76561198334765645
76561198336987870
76561198337011605
76561198337042042
76561198337734785
76561198338474711
76561198340731802
76561198341193692
76561198343622935
76561198343900531
76561198344574509
76561198344715936
76561198346749036
76561198347118507
76561198347284926
76561198347465879
76561198351281345
76561198351993924
76561198353006535
76561198353017887
76561198353411959
76561198354346042
76561198354544833
76561198354591305
76561198355068405
76561198356450983
76561198357152167
76561198357745417
76561198358252316
76561198358413521
76561198358497272
76561198358778248
76561198359617692
76561198360705906
76561198361860901
76561198362754045
76561198364032011
76561198364535635
76561198368436259
76561198370278576
76561198370726752
76561198371386661
76561198372388738
76561198372888206
76561198372931811
76561198374649650
76561198375204015
76561198375961156
76561198376033052
76561198377044927
76561198377739841
76561198379239250
76561198379458763
76561198380480045
76561198382686541
76561198383163934
76561198384054671
76561198385331597
76561198386682679
76561198386755178
76561198388168113
76561198388506317
76561198389034306
76561198390433133
76561198391996163
76561198392339356
76561198392660989
76561198393233797
76561198394272779
76561198394785191
76561198394787747
76561198394986648
76561198395198319
76561198397785361
76561198399908684
76561198401044348
76561198401567710
76561198401878772
76561198402404500
76561198402878080
76561198403163644
76561198403731665
76561198404294266
76561198404506378
76561198404551841
76561198407374680
76561198408959334
76561198409664994
76561198409815033
76561198410285033
76561198411434068
76561198411600147
76561198412316842
76561198413022953
76561198413162577
76561198414017849
76561198414167038
76561198414601484
76561198415959335
76561198416082332
76561198417188657
76561198417255988
76561198418750384
76561198419790526
76561198421008721
76561198421053152
76561198421233118
76561198421336908
76561198421735616
76561198421785537
76561198424358119
76561198424514497
76561198424853918
76561198425240667
76561198425401222
76561198426861468
76561198432260935
76561198432666815
76561198432839257
76561198433214571
76561198434967805
76561198435340504
76561198438735474
76561198439671952
76561198440356198
76561198442650840
76561198443301575
76561198444149698
76561198444458208
76561198445705497
76561198448256884
76561198448737705
76561198448996387
76561198449329157
76561198449345909
76561198450418482
76561198450549876
76561198451345608
76561198451918616
76561198452221659
76561198795598208
76561198796156103
76561198796990588
76561198797075510
76561198797390137
76561198797621199
76561198798397812
76561198799166767
76561198799636723
76561198801537442
76561198802000936
76561198802513899
76561198803184064
76561198804491132
76561198804561376
76561198804578094
76561198804630868
76561198805379756
76561198805501598
76561198805797317
76561198807481787
76561198809250754
76561198810148273
76561198810639330
76561198811917259
76561198812077345
76561198815325850
76561198815657633
76561198816868538
76561198817345530
76561198817919713
76561198819161104
76561198819255576
76561198819400644
76561198819747735
76561198819761397
76561198819905357
76561198820182852
76561198820355722
76561198820970751
76561198821364636
76561198821566403
76561198822572868
76561198822583489
76561198822993649
76561198822995147
76561198823589819
76561198825140111
76561198825675960
76561198826003301
76561198826007139
76561198826115226
76561198827935175
76561198827972371
76561198828075792
76561198828216743
76561198828391139
76561198830017983
76561198832495198
76561198833011948
76561198833576238
76561198834582739
76561198835144228
76561198835572356
76561198835754957
76561198835894724
76561198838315302
76561198839362374
76561198839612863
76561198842276700
76561198842320624
76561198842413262
76561198843572193
76561198844337044
76561198844854070
76561198846132526
76561198846820904
76561198847851609
76561198847871736
76561198849394381
76561198850423177
76561198851930315
76561198852238402
76561198852442129
76561198852443958
76561198854237705
76561198855074439
76561198857079787
76561198859529418
76561198861318069
76561198862136899
76561198862619532
76561198862907675
76561198864762382
76561198864966393
76561198867528336
76561198868137670
76561198868527305
76561198871760672
76561198872186448
76561198877793356
76561198877818120
76561198879216827
76561198880814277
76561198883090439
76561198883976853
76561198884198807
76561198885736757
76561198887110290
76561198887997678
76561198893693759
76561198898046710
76561198907043846
76561198907398486
76561198920646682
76561198921942222
76561198927886095
76561198930002578
76561198939574673
76561198941514507
76561198945226854
76561198945353175
76561198946944889
76561198947240802
76561198950238599
76561198951936642
76561198953224119
76561198954139337
76561198959666549
76561198961228444
76561198964014599
76561198964849707
76561198965234832
76561198967971442
76561198968287014
76561198968775118
76561198968819865
76561198970597656
76561198971180825
76561198972250465
76561198973655800
76561198973925941
76561198978954505
76561198980050025
76561198981717440
76561198982219698
76561198982618522
76561198982849046
76561198986180843
76561198987025573
76561198987262284
76561198988489476
76561198989274512
76561198991165991
76561198991365135
76561198992371500
76561198994148594
76561199000384494
76561199000961985
76561199006059356
76561199010783922
76561199011038872
76561199012923689
76561199013306758
76561199013395925
76561199013488979
76561199013666372
76561199014567282
76561199014855863
76561199015490639
76561199016072880
76561199017671199
76561199018494965
76561199019159045
76561199022084455
76561199024067822
76561199024322423
76561199024591783
76561199024893372
76561199029078872
76561199029547725
76561199029866944
76561199030418886
76561199031434639
76561199037684985
76561199038491287
76561199039632223
76561199040497513
76561199043059288
76561199043323318
76561199044974042
76561199045338225
76561199045440710
76561199045609520
76561199046509632
76561199046586848
76561199047400416
76561199049420661
76561199050571666
76561199052465462
76561199054777083
76561199057084714
76561199057248911
76561199057646584
76561199058198248
76561199059226651
76561199060284050
76561199060528861
76561199060624725
76561199060973145
76561199062417215
76561199064409522
76561199064630127
76561199066986123
76561199067925855
76561199069373721
76561199071147578
76561199071271103
76561199073142280
76561199074942833
76561199075804392
76561199076219103
76561199077720941
76561199078157084
76561199078752482
76561199079379660
76561199079392880
76561199079659947
76561199085762564
76561199087064054
76561199087507293
76561199089132623
76561199089901260
76561199091899279
76561199093941963
76561199094600705
76561199094795546
76561199096952182
76561199097087535
76561199097209739
76561199098231516
76561199099093254
76561199101969701
76561199102662103
76561199104633575
76561199104864670
76561199105013702
76561199105391202
76561199105721898
76561199105827218
76561199106821169
76561199108060389
76561199108063992
76561199109349872
76561199111107207
76561199116017002
76561199116467597
76561199119893197
76561199121004107
76561199121128209
76561199122045178
76561199123325940
76561199123720752
76561199124872320
76561199125976727
76561199126742681
76561199126952441
76561199128556983
76561199130847824
76561199134433490
76561199136366119
76561199137183087
76561199140621570
76561199140839761
76561199141218502
76561199141317430
76561199141331639
76561199141344299
76561199141477573
76561199141647473
76561199141675696
76561199153860752
76561199159110288
76561199164528143
76561199165692312
76561199169773004
76561199169847634
76561199173029735
76561199173370037
76561199174635471
76561199177957347
76561199179969795
76561199180127283
76561199183677729
76561199185135294
76561199190749671
76561199192116541
76561199193011436
76561199214020371
