28983
72253
75299
112530
229299
300435
304455
417396
426959
453501
541552
578724
610403
624161
748294
826236
885739
968146
1049102
1073854
1073931
1131031
1133592
1219975
1241582
1265689
1310355
1367468
1385389
1411360
1428570
1499748
1514661
1548820
1561233
1602884
1688294
1826971
1904474
1908760
1918435
1921206
1942018
2017085
2037001
2058804
2370807
2487815
2495131
2561668
2676252
2849421
2894823
3026443
3084891
3090621
3121649
3152342
3280776
3374444
3499410
3516622
3593159
3617331
3640815
3693428
3861888
4019142
4021186
4034431
4497687
5153152
5334640
5362546
5500707
5849893
6055612
6381785
6446505
6781195
6895934
7161997
7861411
7974780
7982860
8609232
9344114
9485095
10027359
10081934
10315264
10445381
10482697
10611349
10935687
10998766
11060572
11753073
11908134
12044590
12205480
12232692
12601353
12780868
12951299
13328852
13585691
14557130
14713085
14759358
15239865
15239992
15583872
15849520
16525307
16545537
17544066
18020223
18371894
19904088
19970853
20050298
20156331
20460198
20645170
20974394
21576569
22300958
22486785
23542032
24121771
24281796
24811131
26781204
27176244
27319516
28133832
28289863
28454358
28583111
28742808
28926654
29083806
29134522
29299169
29308033
29382395
29565832
29812668
30127553
30606874
30650222
30954329
31139412
31195445
31403474
31537373
31656992
31774601
31794763
32165639
32445279
32542888
32604711
33118005
33366678
33381218
33385974
34057937
34069118
34151076
34162966
34242685
34293639
34332191
34805156
34935015
35200517
35509198
36001264
36283741
36762213
36764114
36808275
36965962
37361821
37927193
38285417
38328702
38392036
38515290
38796364
38818547
39242958
39474671
40026379
40220932
40277485
40363317
40419343
40652636
40662779
40687225
40823423
41324464
41641817
41768359
41882909
42500236
42575536
42620157
43257805
43426511
43540034
43577274
43645661
43671665
44079287
44329611
44736749
45031609
45132672
46263690
46503295
46621433
47520614
47866982
48369552
48617029
48698515
48698969
48820702
48848712
49232253
49421801
49526671
50344049
50496344
50726147
50917695
51096333
51738210
51831173
52377815
52553139
52651536
52721619
53174147
53293044
53383347
54045840
54250044
55064033
55458326
55880231
56061189
56167732
56195273
56438988
56513853
56850276
57028392
57067802
57667768
58729770
58890943
58944829
59266078
60733839
61630858
62278043
62547286
63087379
63241219
63676666
63777542
64079460
64113685
64130060
64201038
65123100
65278874
65295080
65602717
65731943
66120107
66776583
66902223
67033233
67449456
67939352
68075339
68466161
68810847
68821913
68909863
70495309
70582010
70959878
71060458
71779777
73369985
73564548
74747638
75126218
75375541
75896256
76067270
76142470
76358398
76541772
76924882
76962507
76971228
77223632
77296844
77495271
77835050
77864950
78586024
79846706
80014302
80585569
81224493
81441805
81583607
81627271
81967999
81998378
82091492
82503390
83033209
83225660
83321528
83330486
83489117
83530985
83837113
83846556
84064151
84340382
84527924
84599267
84674258
84692216
85028896
85387387
85499690
85567048
85873570
86355492
86618449
86699889
87059481
87099100
87122774
87544059
87548936
87676631
88081524
88298787
88739559
88993876
89046714
89510321
89574435
89688248
89940476
90429301
92932420
93230437
93765404
93818696
93917256
94167816
94256342
94466774
94578106
95373224
95427318
95738610
95772591
96403174
96899918
97022468
97092270
97205693
97540102
97545650
97747900
97820413
98212226
98381049
98856943
98867257
99352508
99527206
99536940
99570599
99755530
99884285
100118019
100723100
100803189
100866338
100895808
101046157
101655618
101971590
102120408
102232847
102504150
102560003
102613249
102748901
102851889
103039899
103295812
103434678
103683187
104019511
104052524
104308279
104382670
104534298
104623433
104712754
105280689
105602245
105739489
105846038
105988141
106314177
106382425
106574577
106734389
106753959
106862979
107144991
107234105
107585652
107636211
107672274
107793328
108010598
108022363
108252648
108392173
108498455
108688159
108797606
108847074
109299507
109453682
109607969
109853506
109871492
109880333
109919998
110886463
110945995
111012287
111329911
111365200
111457056
111606898
111655589
111943220
112073458
112369391
112475929
112570981
112839463
113194391
113263557
113547967
113649382
113659027
113922202
114042953
114111400
114152972
114543627
114587398
114590708
115087759
115343091
115348134
115833379
116225768
116318788
116356550
116545494
116560376
116687430
117049958
118059090
119008213
119077056
119196042
119202159
119217304
119879105
119977465
120090146
120130457
120222613
120514400
120646359
120731054
120890351
120907744
120940295
120979008
121096024
121395453
121600626
121738315
121997643
122033998
122048450
122197750
122221619
122364699
122589443
123081271
123105822
123185402
123226097
123401230
123843178
123868297
123946667
123958851
124021199
124280244
124870616
124902774
125727162
126054016
126140341
126329341
126635208
126666422
126767191
127388610
127672124
127758695
128290801
128862593
129341245
129372990
129417960
129434722
129588112
129949421
130129600
130181149
130632671
131316153
131380737
131402348
131654210
131891320
132184341
132406949
132937721
133211033
133435837
133446744
133489491
133534776
133613639
133860240
134454118
134587414
135187376
135604826
135857407
136042488
136061769
136301934
136461936
136591311
136608102
137268335
137455124
137855605
137917616
138319665
138681388
139935380
140032633
140032689
140150982
140427608
140970724
141140254
141760606
141837231
141972043
142230414
142481055
142490027
143129437
143676154
144611234
144944387
145087209
145352440
145716688
145929240
146199386
146344265
146581142
146847335
147007190
147107965
147372610
147625709
147770783
147831332
148041208
148063603
148527248
148640555
148846440
148895102
149105084
149484348
149580937
150176291
150220840
150411785
151822890
151826401
151945617
152135836
152189324
152295657
152404244
152531921
152698955
152901532
153079453
153403780
153698433
154057754
154115445
154746550
154799693
154802301
154869358
155181655
155291618
155396574
155667364
155691357
156014069
156446452
157012277
157117661
157162136
157237762
157388780
158003928
158136074
158478549
158592776
158651009
158693987
158694226
159023082
159240802
159384684
159403495
159593926
159857348
159996735
160125960
160591196
160828918
160855862
161015647
161074355
161280523
161607783
162289904
163385347
164053744
164120700
164265974
164381924
164901552
165126781
165495593
165537643
165701932
165742967
166126485
166347564
166457936
166855010
167095753
167224392
167306887
167730577
167799724
167811633
168547926
168809327
168830205
168905210
169080040
169355397
169365678
169377155
169562987
169781931
170148346
170224967
170552789
170840003
170963537
171182183
171203898
171236281
171319210
171489176
171569135
171829956
172041946
172130410
172203433
172210773
172374125
173359292
173517927
173920531
174163152
174177644
175104665
175226081
175690057
175738796
176013670
176049446
176156418
176189829
176909551
177050325
177332976
177545963
177691609
177818196
177974801
177987703
178056422
178160573
178295352
178563520
179303064
179403824
179418065
179509806
179524529
179620657
179744326
180595496
180662183
181170990
181728147
181978446
182673610
182697227
182733423
182737684
182981135
183952210
184049575
184222078
184360469
184363097
184645496
184692269
184825270
184832216
184924250
185607757
186176184
186574965
186796209
186801423
187008384
188383045
189083315
189826406
189957343
189964330
190059332
190215230
191234826
191482570
192115743
192838331
192896189
192988971
194145952
194319828
194698091
195006100
195177569
195425290
195640339
195662177
195693580
195727823
195741051
195833619
196033516
196286112
196348825
196385202
197186978
197261952
197771802
197950089
198208482
198461537
199110399
199528004
199588406
199781687
200012972
200325251
201197287
201275503
201809995
202067459
202353050
202545921
202996424
203051273
203331916
204021296
204121380
204624764
204744090
204892377
205041776
205150769
205876590
206087840
206250007
206290034
206665305
207152741
207187954
207369429
207398622
207922201
208030076
208188421
208369172
208574829
208763946
208784751
208884845
209139338
209240185
209668829
209874810
210554141
210610550
211331198
211431503
211648586
211679378
211814099
212012691
212604537
212642175
213395974
215157363
217200973
217710729
217810133
218180838
218202079
218582110
219529753
220245502
220380282
220768123
221123406
222421175
222706901
222904299
223158822
225967233
226863170
228278934
229087002
229125209
229636041
229748250
230260350
231915811
232163794
232868585
233304614
233592541
235161233
235559201
235999662
237250700
237321217
237685466
237781903
237790650
237849331
237941486
238335395
238377922
238754173
239015506
239042645
239072186
239390387
239879529
239896129
240221571
240516451
240689938
240824965
240837474
240902505
241198297
242189616
242248176
242694527
242770321
242849160
243148703
243216315
243314209
243409227
244672879
244881901
245088881
245409863
245438305
245768781
246071181
246600509
247197960
247334947
248806899
249194567
250022272
250193555
250248971
250685371
250939324
251246532
251397579
251938909
252101641
253019451
253084012
253193653
253351496
253427489
253656939
253844483
254048685
254707975
254958977
255550989
255695373
256571296
256800507
257011044
259071983
259534627
259631543
259718617
259962249
260108492
260151731
261917760
263292260
263966176
264357568
264376528
265197376
267392112
267614424
267720876
267758576
268758160
269088932
269202232
270327800
270547236
271315716
271631652
272445828
273116476
274974940
275683872
276866518
276890926
277072248
277798074
277904552
278963968
280329156
280841040
281506140
282194888
282470170
282926090
283314098
283316400
283838004
284446254
284547336
284913364
286155374
286507818
286513986
288579558
288728546
289863456
290030202
292171262
292808393
292833016
292885533
293292816
293383163
294161359
294203193
294214724
294232657
294414392
294571885
294678210
295813087
295930136
295936907
296107322
296118492
296263370
296401296
296597526
296627298
296916250
297354865
297611568
297683121
297889732
298298360
298408926
298453598
298573198
298653993
298820213
298866547
298919584
299210187
299453632
299502794
299973522
300036053
300311745
300677127
301216887
301410806
301439529
301583511
301689395
301689886
301868824
301931578
302715496
302789200
302899802
303490341
304256835
304310843
304434759
304582866
305841261
306902159
306986767
307122879
308047896
308967301
309107416
309116659
309504316
310766741
310780668
310865815
311021155
311117189
311263935
311316275
311374190
311584903
311611201
311654506
311685989
311695248
311705856
311760627
312059027
312162783
312701967
313691381
313944076
314146588
314276448
314536881
314756372
315548873
316429903
316721175
316756655
316823548
317359043
317847674
318340722
318517899
318721553
319314954
319660315
319679601
319872738
320385929
320393869
320455895
320733408
320842785
321755851
321817858
322010730
322020097
323450856
323533006
324494723
325543165
325553583
326281812
326489993
326745072
327243820
327297722
327472384
327943113
328024151
329763296
331378248
332683628
332708794
333740040
334395330
334503708
334512367
334893750
334906725
335240387
335779793
335827019
336695595
337031988
337183409
337830013
338636666
339410857
339434635
339616499
339683462
339887899
339966845
340067423
340741049
340756815
340899113
340982538
341034804
341052026
341254721
341410175
341643035
341754406
341794795
342263962
342595889
342810712
342924427
343543120
343555419
343628210
344011799
345540015
345660185
345666491
347272695
347892264
347953935
348634071
348791093
349069933
349395465
349802219
350154238
351256914
352081853
352902349
353416726
353720463
353730144
354282042
354482781
355018839
355054134
355473534
355749148
356068859
356273200
356765659
356845531
357035685
357508644
358272484
359373828
359596857
359825807
359996027
360371370
360489660
360750253
360861687
360981299
361424349
361705076
362295560
363051211
363420140
363949611
364010378
364264201
364710323
365001059
365006770
365089869
365276050
366771924
367052845
367110808
367531190
367561468
368497612
368920659
369337729
369668186
370079555
370156989
370257616
370468449
370481270
370930467
371575348
371948012
372054790
372253476
372592222
372827123
373016278
373025519
373849492
374223921
374499917
375043955
375304881
375544653
375587091
375663335
376222426
376265569
376336778
376420415
376452802
376691315
376745877
376776314
376779408
376855489
376984452
377343629
377432127
377660046
377706092
377835783
378178646
378208983
378352320
379264644
379275865
380078513
380466074
380594113
380927964
381188045
381861993
382409867
382999414
383388538
383397171
383634803
383792682
383954270
384169214
384276921
384308781
384346806
384439464
384450208
384530584
384567919
384728214
385251295
386483308
386508857
386611874
386971421
387019198
387261481
387358203
387738948
388065138
388268918
388367930
388392614
388715302
389724548
389805233
390203408
390707739
390784835
391018039
392042409
392137348
392354247
392601538
392740807
392752159
392786166
392841090
393041078
393146231
393459894
393572653
393593192
393626608
393708465
393795921
393815276
393839575
394080314
394151304
394279105
394324280
394325577
394622109
394802677
394891856
395029546
395153552
395194266
395327810
395331734
395649110
396185255
396886439
397047762
397123677
397691293
398147793
398231544
398994232
399885569
400054631
400137898
400257248
401057174
401595173
402506335
402650513
402691598
402796534
403542964
403678426
404217942
404269907
404366617
405059394
405138805
405630716
405822935
406163168
406453388
406951801
407758689
408170531
408282593
408458539
408988491
409362927
409667656
410240465
410267562
410316555
410461024
410694055
410928499
410942678
411033337
411069755
411221152
411307100
411582879
411793887
411956337
412123010
412284536
412622478
412759098
412925556
414383922
414831069
415184903
415695428
416340754
416491033
416673370
417157905
417474113
418164898
418233187
418954853
418973522
419193035
419709960
420366744
420596061
420675474
420683848
420738721
421484147
421621595
421776687
422024051
422305532
422500537
422519645
422677423
422898206
423016954
423418949
423572623
423612373
423788943
423855271
423928205
424306162
424307880
424383606
424618639
424709752
425052284
425065869
425107335
425271911
425378243
425843616
426064443
426168744
426416951
426489450
426868719
427477558
427902385
428240589
428393240
428503991
428679714
429062214
429237804
429503370
430400788
430409145
431363996
431461262
431730435
432073628
432124748
432185593
432359905
432688112
432727723
432839168
433092051
433132588
433167788
433378016
433823950
433830370
434007051
434016454
434477383
434522019
434523455
434708677
434838174
434932591
435323385
435492212
435690766
435793910
436128374
436241405
436334161
436771655
436955961
436999479
437784174
438387936
439232355
439555396
439642956
439865870
440630243
440653899
440996654
441367033
441665884
441755999
441938885
442102063
442138772
442288692
442564080
442591469
442869825
443154403
443245842
443446368
443465937
443708838
443786133
443897932
443909144
443997073
444028538
444286113
444740864
444832342
444934352
445030492
445385712
445431405
445480005
445645389
445875651
445908802
446054023
446318209
446619903
446953321
447084033
447108952
447295495
447398418
447592920
447858238
448257384
448319248
448341082
448423568
448579987
448693606
448860067
449037502
449399266
449549305
450019305
450254458
450463788
450593550
450624144
451168340
451334419
451498063
451823667
452662367
452757225
452896849
453463176
453734528
453740983
453752121
453901310
454248522
454335756
454478967
454736231
454747757
454755788
455560720
455693607
455816604
456082190
456235877
456262172
456385035
456922929
456990260
457066647
457257169
457717709
457880568
457951763
458536431
459520297
459524798
459589212
459636991
459993307
460669930
460742993
460779737
460787424
460934190
460967390
461071180
461084615
461149105
461371308
461388733
461519809
461811021
461837332
461854896
461968494
462108232
462158030
462261672
462620194
463172656
463406531
463494756
464102022
464248769
464359955
464588190
464974321
464974939
465088236
465135494
465246416
465277622
465890646
465918691
466149168
466595740
466675027
467224959
467267534
468218710
469969776
471620248
471666523
471995207
472255000
472609039
473205838
474025302
474436022
474702077
475074776
475332645
476165869
476307450
476729901
476754819
477900218
478469746
478609475
478732763
479329091
479406224
479511979
479750371
479789323
479913242
480057962
480090470
480578013
481032918
481176402
481237057
481593354
481593596
481619668
482359796
482385112
482539475
482624863
482715365
482935274
483473659
483560097
483799737
484013043
484638817
484755511
485320141
485439769
485469846
485597420
486056873
486365181
486855876
486895964
487309065
487560541
487991156
488366603
488676929
488684178
488730659
488878765
488965485
489063429
489373364
489581595
489621226
490451244
490598747
490654217
490743402
490895299
491079880
491197545
491652888
491802327
491805018
491810132
491955931
492563400
492603517
493016670
493350512
494383631
550801177
754903500
763892196
780465006
781930241
835332480
835730828
835959671
836052746
836292775
836565259
836809782
836994976
837103125
837124409
837141122
837355471
837637345
837939167
838006186
838023517
838132084
838173319
838497808
838562116
838614151
838709207
838766125
838823723
838881309
838980805
839019458
839029188
839041963
839111700
839126356
839218155
839452455
839466157
839842568
839879788
840409217
840484773
840591029
840842899
840899955
840905070
841067530
841112108
841174220
841179208
841195549
841214717
841249663
841271714
841302013
841534670
841556925
841579129
841595282
841599375
841686719
841693587
841833075
841855927
842056066
842248171
842421791
842482021
842504997
842505251
842507025
842511868
842514398
842517554
842518342
842520555
842530891
842534841
842539103
842539935
842545228
842547085
842547454
842548013
842548070
842551853
842554315
842555583
842559869
842560661
842560926
842561132
842569649
842570027
842572728
842574075
842574082
842577449
842582030
842582933
842583309
842584356
842594292
842598197
842599090
842599587
842600299
842601887
842612434
842613066
842616871
842622920
842635428
842636216
842638584
842648633
842650285
842750620
842918336
843300863
843335114
843413956
843476047
843592338
844038936
844050537
844054915
844087481
844149728
844162416
844221601
844295648
844304503
844312366
844365140
844625840
844698245
844742972
844743465
844746979
844748295
844763971
844766164
844773439
844788934
844791710
844792683
844795973
844801213
844815184
844820208
844825021
844825448
844831437
844836384
844836715
844845797
844853996
844859886
844925280
844993540
845114028
845235870
845337132
845531589
845649115
845657897
845701654
845714445
845754592
845786703
845788984
845803527
845831420
845833458
845835235
845840576
845867847
845936602
846030060
846293287
847004221
847305462
847515946
847917416
848387596
848985026
849331125
849882545
850160530
850180284
850373602
850589553
850662773
851539559
851566318
851601231
851625600
851651531
851653276
851697385
851700931
851726643
851754653
851767718
851792739
851808115
851811617
851844000
851844316
852143168
853102111
853181582
853548059
854414602
854517155
854704092
854752691
854804402
854814690
854840140
855027419
855046053
855241840
855357695
855391905
855686626
856125232
856425538
857079802
857409932
857679523
857988418
858665028
858839854
858941114
858989848
859134916
859372693
859521523
859528504
859565730
859594295
859639629
859736561
859919681
860027757
860056840
860089994
860145633
860518794
860524636
861061579
861098908
861266656
861300675
861380051
861569981
861620521
861645146
862307140
862727921
862729419
862762476
862774146
862836247
862932670
863091955
863606416
863742809
863953528
864058517
864228572
864707983
864912845
865329819
865410232
865417468
865729258
865737573
865741411
865849498
865996208
866391900
866630087
866737329
867531561
867556215
867669447
867706643
867810064
867955789
868015690
868125411
868995863
869080894
869686665
869752255
869860472
870227071
870302893
870959964
871628747
872008239
872050515
872085204
872229470
872746220
873310510
873754627
874317011
874375933
874562801
874878500
874980747
875306628
875334260
875458821
875489229
875628996
875767877
876442509
878279653
878521214
878567400
878668457
878837922
879347135
879730762
879770641
881319304
881523751
881905859
882010972
882115195
882228170
882592755
882681149
882737343
882858490
882910800
882991817
883140308
883255564
883306465
883310403
883743633
883794366
884048173
884071316
884413953
884588342
884823288
885099279
885195626
885680751
885810515
886246549
886555176
886710132
886917615
887212210
887361250
887402949
887585881
887606008
887639708
887650981
887844448
888125263
888166859
888205476
888300215
888345896
888670414
888687068
888714717
888754586
888780448
888798933
888806157
888902348
889128653
889668909
889964008
890160155
891135087
891664587
891772657
891794175
891803801
891858745
891879571
891913455
891938732
891945629
891972674
891976901
891981106
892001977
892019240
892057503
892176401
892178230
892429507
892445799
892731592
892959250
893971977
894388483
894808711
895481035
895530050
896296452
896347808
896393408
896814059
897043585
897079399
898227271
898965943
899443081
900019751
900183728
901369017
901531868
901699949
901757480
901871171
902408074
902641947
903789965
904044986
904700665
904739735
904822527
905171972
905492421
905696974
906506385
907464576
907696067
907871942
908221986
908227227
908261577
908321443
908762456
908876755
908884568
909349287
909609703
910940792
911067759
911143522
911188038
911233444
911387457
911458205
911494944
911509000
911557776
911768549
911920720
912004895
912134575
912171155
912228600
912317175
912424809
912441380
912506004
912519536
912634042
913081954
913096848
913549899
915573567
916224289
916451492
916513309
916527283
916860047
916905442
916981543
917527628
917728983
917787636
918816600
919512605
920177275
920257293
920324984
920548549
920780900
920781599
920810721
920871363
920973955
921209024
921210586
921378280
921831212
921880408
922279861
923092097
923385043
923711125
923782853
923933079
924232475
925691869
926367508
926436397
927093587
927731950
927912139
928187583
928704216
930292072
931192936
931680472
931702397
931834663
932222516
933770719
934440281
934585041
934693189
935786932
937780982
943930581
945873044
946703171
946851471
947132758
947914531
949617567
949726906
949751386
949865389
949957760
949982644
950075235
951097803
953218741
954450296
954572070
957529742
957815469
958439381
959589839
959775656
959810343
959815041
960000087
960300421
960380954
960721802
960805870
960968098
962894202
963926785
964036394
964433649
964986034
965578657
967543251
969367416
969630905
969736850
970167636
972594997
972793260
973339638
974766089
976255008
978820563
978929457
981140664
982088389
982754166
985087447
986975074
988843581
989972871
991670914
992147295
992821186
993426405
993710351
994152287
994950098
995152777
996200261
996491142
998307423
998784667
999400821
1000016999
1000298959
1000962716
1001075789
1001198514
1001725083
1002847555
1003031884
1003212044
1003392390
1003513644
1003747465
1003748871
1004618950
1004708180
1004969104
1005246512
1005390586
1005585227
1005739970
1006423875
1006772250
1007096675
1007273404
1007455629
1007789264
1008277417
1008283295
1008432278
1008509390
1009104775
1009222743
1009357446
1009393724
1009511247
1010157008
1010331928
1010410371
1010541691
1011432811
1011574456
1011861103
1011984737
1012866132
1013065129
1013498095
1013638792
1013660213
1013744658
1013926517
1013944111
1014533599
1014564386
1015275836
1015291447
1016353236
1016375973
1016548300
1017083015
1018663305
1018753780
1019316953
1019360188
1019784297
1019876008
1019942161
1020716547
1020985462
1021096547
1021353471
1021451712
1021592833
1021617365
1021773151
1021870183
1021922350
1022074647
1022080211
1022211880
1022352794
1022583318
1022585423
1022781496
1022961683
1023446381
1023724842
1024439440
1025226673
1025736105
1025779697
1025810123
1025915115
1025958992
1025997664
1026013480
1026052047
1026137823
1026143661
1026226838
1026364837
1026474127
1026612065
1026735491
1026759845
1026996556
1027057559
1027207693
1027691971
1028703238
1028801642
1028812159
1029008784
1029151664
1029717989
1029959513
1030223246
1030683536
1030900263
1031099407
1031363525
1031429255
1031507019
1031640374
1032259652
1032593763
1032674232
1032764428
1033148106
1033273157
1033991226
1035092205
1035138965
1035398926
1036183918
1036288285
1036315236
1036394791
1036491194
1036874087
1037421540
1037441085
1037748651
1037968037
1038239094
1038246434
1038771926
1039187376
1039895334
1040118766
1040538961
1040585727
1040696257
1040848538
1040946649
1041316046
1041458410
1041520774
1041651820
1041773866
1041837921
1041894641
1042101752
1042145656
1042549886
1042774260
1042808904
1042845744
1043069199
1043571013
1044079081
1044620093
1045110652
1045278835
1045595269
1045624223
1045793628
1045808248
1045816051
1045831323
1046846570
1047107034
1047193547
1047235502
1047378838
1047598467
1047663379
1048609771
1048875178
1049857830
1050160201
1050518194
1050773144
1051739191
1051849170
1053130197
1053321728
1053365090
1053407947
1053460116
1053587847
1053612310
1053697289
1053790014
1053841734
1053881554
1053893151
1054260883
1054301554
1054414496
1054454412
1054468591
1054590135
1054615392
1054660186
1054915434
1054943532
1054946343
1055116270
1055123452
1055224911
1055279165
1055435642
1055736367
1055756931
1055807152
1055892934
1056102902
1056194910
1056223233
1056465819
1057058336
1057405471
1058004556
1058229237
1058585677
1058776211
1058827784
1059263552
1060371417
1060670341
1060841166
1061039795
1061056422
1061419653
1061539028
1061703645
1061771553
1061818727
1062082021
1063323782
1063531291
1063802094
1063819603
1063845615
1063911851
1063944549
1063961463
1064080989
1064326055
1064388618
1064627644
1064662087
1064766849
1064834325
1065113727
1065695127
1065708828
1065838340
1065845556
1066309217
1066333922
1066872716
1066918882
1066989360
1067089042
1067232871
1067419166
1067432200
1067440392
1068366012
1068772730
1068813144
1068923630
1069281997
1070057172
1070202790
1070219518
1070930929
1071055240
1071085536
1071168911
1071173684
1071447922
1071488260
1071548714
1071868989
1071993560
1072247944
1072550076
1072663628
1072683293
1072697848
1072824697
1073227683
1073342203
1073656860
1073970701
1074073378
1074195453
1075247371
1075372448
1075832710
1075943071
1075986609
1076212727
1076667964
1076794140
1077419257
1078225559
1078566788
1079017905
1079063409
1079342622
1079366495
1079551634
1079967463
1080032560
1080231785
1080666583
1080823687
1081065067
1081178024
1081225473
1081419704
1081775811
1081824804
1081859848
1081871594
1082257042
1082636862
1082690124
1083049373
1083057590
1083396517
1083460519
1084272922
1084448521
1084708314
1084745973
1085072497
1085174982
1085480836
1085582053
1086019308
1086138701
1086243904
1086321120
1086613900
1086695621
1086849519
1087086731
1087134688
1087599737
1087842261
1087904802
1088082531
1088425788
1088745645
1089125246
1089154933
1089187161
1089450856
1090305938
1090733293
1092199734
1092463556
1092511852
1092570439
1092691684
1092826857
1092881325
1093106645
1093284337
1093360068
1093539850
1093761322
1094182571
1094186327
1094446546
1094449265
1094511355
1094523308
1094735469
1094746474
1095384084
1095401569
1096775325
1096983183
1097323604
1097380856
1097393639
1097868567
1097932520
1098153136
1098267345
1098281375
1098412437
1098451034
1098676470
1098960923
1099688209
1099813606
1099851415
1099892857
1100018322
1100263133
1100313291
1100327481
1101047740
1101831584
1101884389
1102325532
1102373028
1102682187
1103049398
1103255881
1104123915
1104143794
1104350079
1104364399
1104756624
1104797389
1105026200
1105187171
1105306616
1105457607
1105526209
1105577018
1106059661
1106081473
1106092622
1106161567
1106536089
1106720395
1107571020
1107660127
1107715125
1107846459
1108081411
1108684629
1108694548
1108859665
1109107993
1109166292
1109343885
1109709848
1109854005
1110052436
1110062004
1110115138
1110233904
1110356921
1110571374
1110577089
1110829956
1110881850
1110886053
1110936744
1111181657
1111376749
1111614248
1111676010
1112432518
1112491833
1112876552
1113153835
1113271445
1113476129
1113744170
1113902495
1114126030
1114210647
1114317318
1114435556
1114677105
1115389596
1115456384
1115457323
1115524083
1115538664
1115560309
1115953375
1116032722
1116236655
1116243545
1116660385
1116815948
1116926385
1117395152
1117455213
1118248411
1118428466
1118479232
1118486754
1118795560
1119113932
1119373246
1119394219
1119859195
1119923930
1120150794
1120522076
1120601554
1121207616
1121268792
1121376374
1121501589
1121615498
1121816968
1121952610
1122058048
1122106731
1122170998
1122385705
1123249522
1123637773
1123754863
1124225202
1124232257
1124427384
1125063636
1125097352
1125420341
1125496836
1125552318
1126056372
1126067665
1126522741
1126733289
1126798326
1127241565
1127539757
1128222154
1128774833
1128866895
1128994744
1129142670
1129474716
1129558626
1129635532
1130239554
1130447998
1130999206
1131056417
1132405794
1132456234
1133353067
1133676235
1133925084
1134334977
1134452636
1134529818
1134864734
1134939091
1134993965
1135089375
1135350368
1135617445
1136085678
1136566028
1136614193
1136686454
1136728146
1136944011
1137655533
1138505816
1138793882
1139042551
1139105886
1139452863
1140522543
1140547108
1140996455
1141398120
1141446202
1141703973
1141951806
1142218161
1142520737
1142675757
1142975581
1143376839
1143561308
1143694231
1144367847
1144598942
1144643303
1144691378
1144747974
1145456170
1145561490
1146555441
1146686838
1146779688
1147612181
1147640182
1147798264
1148327314
1149450795
1150841479
1150881662
1151059546
1151144410
1151759987
1152091338
1152312009
1152524638
1152531757
1153093673
1153112113
1153169486
1153196373
1153506959
1155408984
1155751274
1155792779
1155854308
1155964287
1156014945
1156070845
1156201869
1156453787
1156694160
1156767367
1156912903
1157969082
1159365435
1159627469
1160588938
1160714163
1160862481
1161189530
1161320892
1161779450
1161975942
1162813539
1163060212
1163171904
1163455024
1163903565
1164169474
1164554788
1164606592
1164831988
1165529252
1165616260
1165710999
1165813344
1165860682
1166030686
1166476953
1166686713
1166768622
1167267563
1167298799
1168031212
1168248337
1168291255
1168658202
1169496187
1170582096
1170752678
1171191303
1171648207
1171902013
1171932178
1172248083
1172448210
1172453521
1172684788
1173255293
1173878949
1174220472
1174626984
1174725199
1174752658
1175719820
1176094502
1176144594
1176179845
1176296804
1176369191
1177296244
1177480414
1177482773
1177895892
1178128876
1178469693
1178580828
1178617129
1178832890
1179932800
1180100022
1180167522
1180177584
1180186216
1180310169
1180320813
1180327876
1180497164
1180574033
1180813139
1180890751
1180906246
1180940414
1180942694
1180952774
1181043450
1181051702
1181065911
1181078571
1181118459
1181172014
1181222831
1181381745
1181395194
1181409968
1181510947
1181587972
1181623245
1182028665
1182086360
1182131715
1182582005
1183282542
1183497335
1183644867
1183669054
1183846430
1184099778
1184218571
1184426972
1184910542
1185214333
1185420831
1186009113
1186119271
1186143140
1186394064
1186425760
1186792867
1187300947
1187419142
1187473244
1187951927
1189346758
1189580954
1189866710
1190204871
1190259489
1190323755
1190398728
1190453498
1190466819
1190652324
1190927537
1191132948
1191299942
1191838652
1191866097
1191978179
1192457363
1192462987
1192907106
1193069847
1193199096
1193578286
1193620952
1193698937
1193790858
1193819489
1193915288
1194373086
1194431734
1194573872
1194682312
1194829976
1195073722
1195178332
1195767950
1196057338
1196297504
1196753814
1196766404
1197088182
1197231179
1197261311
1197871069
1197955307
1198470694
1198844560
1199042236
1199050007
1199210556
1199548579
1199907977
1199978990
1200041054
1200072547
1200143326
1200223021
1200230119
1200374724
1200452458
1200736093
1200764527
1201144727
1201598166
1201652246
1201793340
1202082456
1203515697
1203522288
1203552023
1204097313
1204262415
1204370280
1204544985
1204700403
1205051640
1205075635
1205175811
1205387979
1205426584
1205775071
1206044631
1206723293
1207119270
1207197481
1207717493
1208242616
1208777264
1209056700
1209236603
1209507276
1209581906
1210500204
1210815324
1211434815
1211494356
1211696011
1212381454
1212764007
1212872829
1212994760
1213014626
1213104309
1213268655
1213417721
1213555366
1213771657
1213903938
1213910758
1214080777
1214777801
1215042688
1215362304
1215428462
1215743595
1216217625
1216735360
1216768723
1216963342
1217186768
1217360930
1217654696
1217691619
1217700855
1218021020
1218238983
1218374120
1218419705
1218425482
1218446332
1218451482
1218536799
1218692378
1218719650
1218753335
1218764671
1218852607
1218991133
1219521428
1219704067
1219887002
1220006647
1221253951
1222067786
1222117706
1222701708
1222768580
1223394859
1224153722
1224322481
1224653722
1224669294
1224675550
1224780054
1225133678
1225166069
1228101108
1228290382
1228466469
1228629851
1228849737
1229546796
1229750151
1230062984
1230294052
1230464212
1230586574
1231254850
1231468900
1231590863
1231728457
1232553441
1232620499
1232624829
1232630204
1232901348
1232930226
1233146685
1233527932
1233692068
1234224628
1234935131
1235568630
1235842596
1237134781
1237510722
1237782548
1237943394
1238048930
1238060625
1238316940
1239079831
1239170562
1240027814
1240677531
1241197043
1241364628
1241480560
1241526185
1241724336
1241781061
1241837888
1241842953
1241850412
1241934706
1241988343
1241998525
1242188919
1242196323
1242294083
1242296796
1242376847
1242483994
1242812584
1242918580
1243198086
1243924418
1244624957
1244668182
1245474331
1245788026
1246063905
1246215247
1246542290
1246934291
1247174073
1248579026
1248744392
1249126383
1249576825
1249675814
1249940297
1250548135
1250612422
1250676073
1250787545
1251112064
1251129637
1251201704
1252164890
1252362285
1252537084
1253039486
1253321843
1253754643
1254087974
1254104456
1254669404
1254699114
1254943022
1254945336
1254971339
1254979682
1254985585
1255900612
1256089313
1256291878
1256349245
1256421340
1257068596
1257269747
1257409833
1257441173
1258166318
1258656044
1259033224
1259273615
1259315592
1259633016
1259641845
1259731082
1259733572
1259746275
1259877962
1259976455
1260015300
1260161644
1260180925
1260225077
1260745374
1261163526
1261245072
1262624290
1262675465
1264228706
1264273430
1264588244
1264784067
1265252477
1265424562
1265568798
1266297232
1266329853
1266541629
1266630072
1266904761
1267033688
1267222290
1267934222
1268033485
1268079526
1268087602
1270802994
1271543379
1272596224
1272677558
1275095848
1275711220
1277384661
1277648513
1278341587
1278701606
1279222474
1280290535
1281173627
1281331637
1285307745
1287169947
1290797655
1292173951
1295822011
1297071109
1297555153
1297630965
1297755743
1299086338
1300917311
1302357924
1305772540
1307920027
1307925182
1316706394
1325173518
1350076362
