76561197960265728
76561197960294711
76561197960337981
76561197960341027
76561197960378258
76561197960495027
76561197960566163
76561197960570183
76561197960683124
76561197960692687
76561197960719229
76561197960807280
76561197960844452
76561197960876131
76561197960889889
76561197961014022
76561197961091964
76561197961151467
76561197961186079
76561197961233874
76561197961314830
76561197961339582
76561197961339659
76561197961396759
76561197961399320
76561197961485703
76561197961507310
76561197961531417
76561197961576083
76561197961633196
76561197961651117
76561197961677088
76561197961694298
76561197961765476
76561197961780389
76561197961814548
76561197961826961
76561197961868612
76561197961954022
76561197962092699
76561197962170202
76561197962174488
76561197962184163
76561197962186934
76561197962207746
76561197962282813
76561197962302729
76561197962324532
76561197962636535
76561197962753543
76561197962760859
76561197962827396
76561197962941980
76561197963115149
76561197963160551
76561197963292171
76561197963350619
76561197963356349
76561197963387377
76561197963418070
76561197963546504
76561197963577466
76561197963640172
76561197963765138
76561197963782350
76561197963858887
76561197963883059
76561197963906543
76561197963959156
76561197964127616
76561197964284870
76561197964286914
76561197964300159
76561197964343066
76561197964387679
76561197964462803
76561197964763415
76561197965418880
76561197965600368
76561197965628274
76561197965766435
76561197966115621
76561197966321340
76561197966647513
76561197966712233
76561197967046923
76561197967161662
76561197967427725
76561197968127139
76561197968240508
76561197968248588
76561197968874960
76561197969609842
76561197969750823
76561197970293087
76561197970347662
76561197970580992
76561197970711109
76561197970748425
76561197970763366
76561197970877077
76561197971067048
76561197971201415
76561197971264494
76561197971326300
76561197971780578
76561197972018801
76561197972173862
76561197972310318
76561197972433565
76561197972471208
76561197972498420
76561197972867081
76561197973046596
76561197973217027
76561197973594580
76561197973671487
76561197973851419
76561197974822858
76561197974978813
76561197975025086
76561197975505593
76561197975505720
76561197975849600
76561197976115248
76561197976345859
76561197976791035
76561197976811265
76561197977809794
76561197978285951
76561197978519527
76561197978637622
76561197980169816
76561197980236581
76561197980316026
76561197980422059
76561197980725926
76561197980910898
76561197981240122
76561197981842297
76561197982566686
76561197982752513
76561197983807760
76561197984387499
76561197984547524
76561197985076859
76561197987046932
76561197987441972
76561197987585244
76561197988399560
76561197988555591
76561197988720086
76561197988848839
76561197989008536
76561197989192382
76561197989349534
76561197989400250
76561197989564897
76561197989573761
76561197989648123
76561197989831560
76561197990078396
76561197990393281
76561197990872602
76561197990915950
76561197991220057
76561197991405140
76561197991461173
76561197991669202
76561197991803101
76561197991922720
76561197992040329
76561197992060491
76561197992431367
76561197992711007
76561197992808616
76561197992870439
76561197993383733
76561197993632406
76561197993646946
76561197993651702
76561197994323665
76561197994334846
76561197994416804
76561197994428694
76561197994508413
76561197994559367
76561197994597919
76561197995070884
76561197995200743
76561197995466245
76561197995774926
76561197996266992
76561197996549469
76561197997027941
76561197997029842
76561197997074003
76561197997231690
76561197997627549
76561197998192921
76561197998551145
76561197998594430
76561197998657764
76561197998781018
76561197999062092
76561197999084275
76561197999508686
76561197999740399
76561198000292107
76561198000486660
76561198000543213
76561198000629045
76561198000685071
76561198000918364
76561198000928507
76561198000952953
76561198001089151
76561198001308869
76561198001590192
76561198001907545
76561198002034087
76561198002148637
76561198002765964
76561198002841264
76561198002885885
76561198003523533
76561198003692239
76561198003805762
76561198003843002
76561198003911389
76561198003937393
76561198004345015
76561198004595339
76561198005002477
76561198005297337
76561198005398400
76561198006529418
76561198006769023
76561198006887161
76561198007786342
76561198008132710
76561198008635280
76561198008882757
76561198008964243
76561198008964697
76561198009086430
76561198009114440
76561198009497981
76561198009687529
76561198009792399
76561198010609777
76561198010762072
76561198010991875
76561198011183423
76561198011362061
76561198011787861
76561198012003938
76561198012096901
76561198012643543
76561198012818867
76561198012917264
76561198012987347
76561198013390047
76561198013439875
76561198013558772
76561198013649075
76561198014311568
76561198014515772
76561198015329761
76561198015724054
76561198016145959
76561198016326917
76561198016433460
76561198016461001
76561198016704716
76561198016779581
76561198017116004
76561198017294120
76561198017333530
76561198017933496
76561198017973195
76561198017998910
76561198018995498
76561198019156671
76561198019210557
76561198019531806
76561198020769587
76561198020999567
76561198021896586
76561198022543771
76561198022813014
76561198023353107
76561198023506947
76561198023942394
76561198024043270
76561198024345188
76561198024379413
76561198024395788
76561198024466766
76561198025388828
76561198025544602
76561198025560808
76561198025868445
76561198025997671
76561198026385835
76561198026946873
76561198026993374
76561198027042311
76561198027167951
76561198027298961
76561198027678964
76561198027715184
76561198028205080
76561198028341067
76561198028731889
76561198029076575
76561198029087641
76561198029175591
76561198030761037
76561198030847738
76561198031225606
76561198031326186
76561198032045505
76561198032566159
76561198033635713
76561198033830276
76561198033889970
76561198034923575
76561198035013366
76561198035391946
76561198035641269
76561198036161984
76561198036332998
76561198036408198
76561198036624126
76561198036807500
76561198037190610
76561198037228235
76561198037236956
76561198037489360
76561198037562572
76561198037760999
76561198038100778
76561198038130678
76561198038851752
76561198040112434
76561198040280030
76561198040851297
76561198041490221
76561198041707533
76561198041849335
76561198041892999
76561198042233727
76561198042264106
76561198042357220
76561198042769118
76561198043298937
76561198043491388
76561198043587256
76561198043596214
76561198043754845
76561198043796713
76561198044102841
76561198044112284
76561198044329879
76561198044606110
76561198044793652
76561198044864995
76561198044939986
76561198044957944
76561198045294624
76561198045653115
76561198045765418
76561198045832776
76561198046139298
76561198046621220
76561198046884177
76561198046965617
76561198047325209
76561198047364828
76561198047388502
76561198047809787
76561198047814664
76561198047942359
76561198048347252
76561198048564515
76561198049005287
76561198049259604
76561198049312442
76561198049429218
76561198049776049
76561198049840163
76561198049953976
76561198050206204
76561198050695029
76561198053198148
76561198053496165
76561198054031132
76561198054084424
76561198054182984
76561198054433544
76561198054522070
76561198054732502
76561198054815524
76561198054843834
76561198055638952
76561198055693046
76561198056004338
76561198056038319
76561198056668902
76561198057165646
76561198057288196
76561198057357998
76561198057471421
76561198057634985
76561198057805830
76561198057811378
76561198058013628
76561198058086141
76561198058477954
76561198058646777
76561198059122671
76561198059132985
76561198059618236
76561198059792934
76561198059802668
76561198059836327
76561198060021258
76561198060150013
76561198060152337
76561198060383747
76561198060890209
76561198060988828
76561198061068917
76561198061132066
76561198061161536
76561198061311885
76561198061921346
76561198062237318
76561198062386136
76561198062498575
76561198062769878
76561198062825731
76561198062878977
76561198063014629
76561198063117617
76561198063279135
76561198063305627
76561198063561540
76561198063700406
76561198063948915
76561198064285239
76561198064318252
76561198064574007
76561198064648398
76561198064800026
76561198064889161
76561198064978482
76561198065356637
76561198065546417
76561198065818905
76561198065867973
76561198066005217
76561198066111766
76561198066253869
76561198066579905
76561198066648153
76561198066840305
76561198067000117
76561198067019687
76561198067128707
76561198067410719
76561198067499833
76561198067597197
76561198067851380
76561198067901939
76561198067938002
76561198068059056
76561198068276326
76561198068288091
76561198068332255
76561198068518376
76561198068657901
76561198068764183
76561198068953887
76561198069063334
76561198069112802
76561198069565235
76561198069719410
76561198069873697
76561198070119234
76561198070137220
76561198070146061
76561198070185726
76561198071152191
76561198071211723
76561198071278015
76561198071595639
76561198071630928
76561198071722784
76561198071872626
76561198071921317
76561198072208948
76561198072339186
76561198072635119
76561198072741657
76561198072836709
76561198073105191
76561198073460119
76561198073529285
76561198073813695
76561198073915110
76561198073924755
76561198074181292
76561198074187930
76561198074308681
76561198074314301
76561198074377128
76561198074418700
76561198074809355
76561198074853126
76561198074856436
76561198075353487
76561198075608819
76561198075613862
76561198076099107
76561198076491496
76561198076584516
76561198076622278
76561198076811222
76561198076826104
76561198076953158
76561198077315686
76561198078324818
76561198078995329
76561198079273941
76561198079342784
76561198079461770
76561198079467887
76561198079483032
76561198080144833
76561198080243193
76561198080355874
76561198080396185
76561198080488341
76561198080780128
76561198080912087
76561198080996782
76561198081156079
76561198081173472
76561198081206023
76561198081244736
76561198081361752
76561198081661181
76561198081866354
76561198082004043
76561198082263371
76561198082299726
76561198082314178
76561198082463478
76561198082487347
76561198082630427
76561198082855171
76561198083089274
76561198083346999
76561198083371550
76561198083451130
76561198083491825
76561198083666958
76561198084108906
76561198084134025
76561198084212395
76561198084224579
76561198084258437
76561198084286927
76561198084545972
76561198085136344
76561198085168502
76561198085992890
76561198086319744
76561198086406069
76561198086595069
76561198086900936
76561198086932150
76561198087032919
76561198087036466
76561198087654338
76561198087910235
76561198087937852
76561198088024423
76561198088068640
76561198088556529
76561198089128321
76561198089606973
76561198089638718
76561198089683688
76561198089700450
76561198089853840
76561198090215149
76561198090395328
76561198090405227
76561198090446877
76561198090898399
76561198091097720
76561198091581881
76561198091646465
76561198091668076
76561198091919938
76561198092157048
76561198092381756
76561198092450069
76561198092672677
76561198093203449
76561198093476761
76561198093701565
76561198093712472
76561198093755219
76561198093800504
76561198093879367
76561198094125968
76561198094719846
76561198094853142
76561198095453104
76561198095870554
76561198096123135
76561198096308216
76561198096327497
76561198096567662
76561198096727664
76561198096857039
76561198096873830
76561198097534063
76561198097720852
76561198098121333
76561198098183344
76561198098585393
76561198098947116
76561198100201108
76561198100298361
76561198100298417
76561198100416710
76561198100693336
76561198101236452
76561198101405982
76561198102026334
76561198102102959
76561198102237771
76561198102496142
76561198102746783
76561198102755755
76561198102774990
76561198103395165
76561198103454168
76561198103941882
76561198104876962
76561198105210115
76561198105352937
76561198105359319
76561198105618168
76561198105982416
76561198106194968
76561198106465114
76561198106609993
76561198106846870
76561198107113063
76561198107272918
76561198107373693
76561198107626214
76561198107638338
76561198107891437
76561198108036511
76561198108097060
76561198108306936
76561198108329331
76561198108366817
76561198108792976
76561198108906283
76561198108942598
76561198109112168
76561198109160830
76561198109370812
76561198109750076
76561198109846665
76561198110442019
76561198110486568
76561198110677513
76561198112088618
76561198112092129
76561198112211345
76561198112350355
76561198112401564
76561198112455052
76561198112561385
76561198112669972
76561198112797649
76561198112834061
76561198112964683
76561198113167260
76561198113345181
76561198113669508
76561198113964161
76561198114323482
76561198114381173
76561198115012278
76561198115065421
76561198115068029
76561198115135086
76561198115447383
76561198115557346
76561198115662302
76561198115933092
76561198115957085
76561198116279797
76561198116712180
76561198117278005
76561198117383389
76561198117427864
76561198117503490
76561198117654508
76561198118269656
76561198118401802
76561198118744277
76561198118858504
76561198118916737
76561198118959715
76561198118959954
76561198119288810
76561198119391992
76561198119506530
76561198119636269
76561198119650412
76561198119669223
76561198119859654
76561198120123076
76561198120262463
76561198120391688
76561198120856924
76561198121094646
76561198121121590
76561198121281375
76561198121340083
76561198121546251
76561198121873511
76561198122555632
76561198123651075
76561198124319472
76561198124386428
76561198124531702
76561198124647652
76561198125167280
76561198125392509
76561198125493556
76561198125761321
76561198125803371
76561198125967660
76561198126008695
76561198126392213
76561198126613292
76561198126723664
76561198127120738
76561198127361481
76561198127490120
76561198127572615
76561198127996305
76561198128065452
76561198128077361
76561198128813654
76561198129075055
76561198129095933
76561198129170938
76561198129321836
76561198129345768
76561198129621125
76561198129631406
76561198129642883
76561198129828715
76561198129842046
76561198130047659
76561198130414074
76561198130490695
76561198130818517
76561198131105731
76561198131229265
76561198131447911
76561198131469626
76561198131502009
76561198131584938
76561198131754904
76561198131834863
76561198132095684
76561198132307674
76561198132396138
76561198132469161
76561198132476501
76561198132639853
76561198133625020
76561198133783655
76561198134186259
76561198134428880
76561198134443372
76561198135370393
76561198135491809
76561198135955785
76561198136004524
76561198136279398
76561198136315174
76561198136422146
76561198136455557
76561198137175279
76561198137316053
76561198137598704
76561198137811691
76561198137957337
76561198138009392
76561198138083924
76561198138240529
76561198138253431
76561198138322150
76561198138426301
76561198138561080
76561198138829248
76561198139568792
76561198139669552
76561198139683793
76561198139775534
76561198139790257
76561198139886385
76561198140010054
76561198140861224
76561198140927911
76561198141436718
76561198141993875
76561198142244174
76561198142939338
76561198142962955
76561198142999151
76561198143003412
76561198143246863
76561198143826450
76561198144217938
76561198144305054
76561198144315303
76561198144476253
76561198144487806
76561198144626197
76561198144628825
76561198144911224
76561198144957997
76561198145090998
76561198145097944
76561198145189978
76561198145873485
76561198146441912
76561198146840693
76561198147061937
76561198147067151
76561198147274112
76561198148648773
76561198149349043
76561198150092134
76561198150223071
76561198150230058
76561198150325060
76561198150480958
76561198151500554
76561198151748298
76561198152381471
76561198153104059
76561198153161917
76561198153254699
76561198153971313
76561198154411680
76561198154585556
76561198154963819
76561198155271828
76561198155443297
76561198155691018
76561198155906067
76561198155927905
76561198155959308
76561198155993551
76561198156006779
76561198156099347
76561198156299244
76561198156551840
76561198156614553
76561198156650930
76561198156788717
76561198157452706
76561198157527680
76561198158037530
76561198158215817
76561198158474210
76561198158727265
76561198159376127
76561198159793732
76561198159854134
76561198160047415
76561198160278700
76561198160590979
76561198161463015
76561198161541231
76561198162075723
76561198162333187
76561198162618778
76561198162811649
76561198163262152
76561198163317001
76561198163597644
76561198164287024
76561198164387108
76561198164890492
76561198165009818
76561198165158105
76561198165307504
76561198165416497
76561198166142318
76561198166353568
76561198166515735
76561198166555762
76561198166931033
76561198167418469
76561198167453682
76561198167548006
76561198167635157
76561198167664350
76561198168187929
76561198168295804
76561198168454149
76561198168634900
76561198168840557
76561198169029674
76561198169050479
76561198169069765
76561198169150573
76561198169405066
76561198169505913
76561198169934557
76561198170140538
76561198170819869
76561198170876278
76561198171596926
76561198171697231
76561198171914314
76561198171945106
76561198172079827
76561198172278419
76561198172870265
76561198172907903
76561198173661702
76561198174702121
76561198174942121
76561198175423091
76561198176557774
76561198177466701
76561198177976457
76561198178075861
76561198178446566
76561198178467807
76561198178847838
76561198179673671
76561198179795481
76561198180511230
76561198180646010
76561198181033851
76561198181389134
76561198182686903
76561198182972629
76561198183170027
76561198183424550
76561198186232961
76561198187128898
76561198188544662
76561198189352730
76561198189390937
76561198189901769
76561198190013978
76561198190526078
76561198190659717
76561198192181539
76561198192429522
76561198193056827
76561198193134313
76561198193570342
76561198193858269
76561198195426961
76561198195824929
76561198196265390
76561198196371118
76561198197516428
76561198197586945
76561198197759067
76561198197951194
76561198198047631
76561198198056378
76561198198115059
76561198198207214
76561198198302254
76561198198601123
76561198198643650
76561198199019901
76561198199281234
76561198199308373
76561198199337914
76561198199656115
76561198200145257
76561198200161857
76561198200487299
76561198200782179
76561198200955666
76561198201090693
76561198201103202
76561198201168233
76561198201464025
76561198201534657
76561198202455344
76561198202513904
76561198202555552
76561198202960255
76561198203036049
76561198203114888
76561198203414431
76561198203482043
76561198203516436
76561198203579937
76561198203674955
76561198204138151
76561198204938607
76561198205147629
76561198205354609
76561198205675591
76561198205704033
76561198206034509
76561198206336909
76561198206866237
76561198207463688
76561198207600675
76561198208235537
76561198208939792
76561198209072627
76561198209460295
76561198210288000
76561198210459283
76561198210514699
76561198210951099
76561198211205052
76561198211512260
76561198211663307
76561198212204637
76561198212367369
76561198212440444
76561198213285179
76561198213349740
76561198213459381
76561198213617224
76561198213693217
76561198213922667
76561198214110211
76561198214314413
76561198214973703
76561198215224705
76561198215816717
76561198215961101
76561198216837024
76561198217066235
76561198217276772
76561198219337711
76561198219800355
76561198219897271
76561198219984345
76561198220227977
76561198220374220
76561198220417459
76561198222183488
76561198223557988
76561198224231904
76561198224623296
76561198224642256
76561198224790408
76561198225463104
76561198227657840
76561198227880152
76561198227986604
76561198228024304
76561198229023888
76561198229354660
76561198229467960
76561198229743056
76561198230593528
76561198230812964
76561198231581444
76561198231711740
76561198231897380
76561198232711556
76561198233382204
76561198235240668
76561198235949600
76561198237132246
76561198237156654
76561198237337976
76561198238063802
76561198238170280
76561198239229696
76561198240594884
76561198241106768
76561198241771868
76561198242460616
76561198242735898
76561198243191818
76561198243579826
76561198243582128
76561198244103732
76561198244711982
76561198244813064
76561198244911584
76561198245179092
76561198246421102
76561198246773546
76561198246779714
76561198248845286
76561198248994274
76561198250129184
76561198250295930
76561198252436990
76561198253074121
76561198253098744
76561198253151261
76561198253558544
76561198253648891
76561198254427087
76561198254468921
76561198254480452
76561198254498385
76561198254680120
76561198254837613
76561198254943938
76561198256078815
76561198256195864
76561198256202635
76561198256373050
76561198256384220
76561198256529098
76561198256667024
76561198256863254
76561198256893026
76561198257181978
76561198257620593
76561198257877296
76561198257948849
76561198258155460
76561198258564088
76561198258674654
76561198258719326
76561198258838926
76561198258919721
76561198259085941
76561198259132275
76561198259185312
76561198259475915
76561198259719360
76561198259768522
76561198260239250
76561198260301781
76561198260577473
76561198260942855
76561198261482615
76561198261676534
76561198261705257
76561198261849239
76561198261955123
76561198261955614
76561198262134552
76561198262197306
76561198262981224
76561198263054928
76561198263165530
76561198263756069
76561198264522563
76561198264576571
76561198264700487
76561198264848594
76561198266106989
76561198267167887
76561198267252495
76561198267388607
76561198268313624
76561198269233029
76561198269373144
76561198269382387
76561198269770044
76561198271032469
76561198271046396
76561198271131543
76561198271286883
76561198271382917
76561198271529663
76561198271582003
76561198271639918
76561198271850631
76561198271876929
76561198271920234
76561198271951717
76561198271960976
76561198271971584
76561198272026355
76561198272324755
76561198272428511
76561198272967695
76561198273244323
76561198273957109
76561198274209804
76561198274412316
76561198274542176
76561198274802609
76561198275022100
76561198275814601
76561198276695631
76561198276986903
76561198277022383
76561198277089276
76561198277624771
76561198278113402
76561198278606450
76561198278783627
76561198278987281
76561198279580682
76561198279926043
76561198279945329
76561198280138466
76561198280651657
76561198280659597
76561198280721623
76561198280999136
76561198281108513
76561198282021579
76561198282083586
76561198282276458
76561198282285825
76561198283716584
76561198283798734
76561198284760451
76561198285808893
76561198285819311
76561198286547540
76561198286755721
76561198287010800
76561198287509548
76561198287563450
76561198287738112
76561198288208841
76561198288289879
76561198290029024
76561198291643976
76561198292949356
76561198292974522
76561198294005768
76561198294661058
76561198294769436
76561198294778095
76561198295159478
76561198295172453
76561198295506115
76561198295508776
76561198296045521
76561198296092747
76561198296961323
76561198297297716
76561198297449137
76561198298095741
76561198298902394
76561198299676585
76561198299700363
76561198299882227
76561198299949190
76561198300153627
76561198300232573
76561198300333151
76561198301006777
76561198301022543
76561198301164841
76561198301248266
76561198301300532
76561198301317754
76561198301502531
76561198301520449
76561198301675903
76561198301908763
76561198302020134
76561198302060523
76561198302529690
76561198302861617
76561198303076440
76561198303190155
76561198303808848
76561198303821147
76561198303893938
76561198304277527
76561198305805743
76561198305925913
76561198305932219
76561198307538423
76561198308157992
76561198308219663
76561198308899799
76561198309056821
76561198309335661
76561198309469011
76561198309661193
76561198309738289
76561198310067947
76561198310117352
76561198310419966
76561198311474147
76561198311522642
76561198312347581
76561198313168077
76561198313682454
76561198313986191
76561198313995872
76561198314547770
76561198314748509
76561198315284567
76561198315319862
76561198315628236
76561198315739262
76561198316014876
76561198316334587
76561198316538928
76561198317031387
76561198317111259
76561198317301413
76561198317774372
76561198318538212
76561198319639556
76561198319862585
76561198320091535
76561198320261755
76561198320637098
76561198320755388
76561198321015981
76561198321127415
76561198321247027
76561198321690077
76561198321970804
76561198322561288
76561198323316939
76561198323685868
76561198324215339
76561198324276106
76561198324529929
76561198324976051
76561198325266787
76561198325272498
76561198325355597
76561198325541778
76561198327037652
76561198327318573
76561198327376536
76561198327796918
76561198327827196
76561198328763340
76561198329084258
76561198329186387
76561198329603457
76561198329933914
76561198330345283
76561198330422717
76561198330523344
76561198330734177
76561198330746998
76561198331196195
76561198331841076
76561198332213740
76561198332320518
76561198332519204
76561198332857950
76561198333092851
76561198333282006
76561198333291247
76561198334115220
76561198334489649
76561198334765645
76561198335309683
76561198335570609
76561198335810381
76561198335852819
76561198335929063
76561198336488154
76561198336531297
76561198336602506
76561198336686143
76561198336718530
76561198336957043
76561198337011605
76561198337042042
76561198337045136
76561198337121217
76561198337250180
76561198337609357
76561198337697855
76561198337925774
76561198337971820
76561198338101511
76561198338128000
76561198338444374
76561198338474711
76561198338618048
76561198339530372
76561198339541593
76561198340344241
76561198340731802
76561198340859841
76561198341193692
76561198341453773
76561198342127721
76561198342675595
76561198343265142
76561198343654266
76561198343662899
76561198343900531
76561198344058410
76561198344219998
76561198344434942
76561198344542649
76561198344574509
76561198344612534
76561198344705192
76561198344715936
76561198344796312
76561198344833647
76561198344993942
76561198345517023
76561198346749036
76561198346774585
76561198346877602
76561198347237149
76561198347284926
76561198347527209
76561198347623931
76561198348004676
76561198348330866
76561198348345578
76561198348534646
76561198348633658
76561198348658342
76561198348981030
76561198349990276
76561198350070961
76561198350469136
76561198350973467
76561198351050563
76561198351283767
76561198352308137
76561198352403076
76561198352619975
76561198352867266
76561198353006535
76561198353017887
76561198353051894
76561198353106818
76561198353306806
76561198353411959
76561198353725622
76561198353838381
76561198353858920
76561198353892336
76561198353974193
76561198354061649
76561198354081004
76561198354105303
76561198354346042
76561198354417032
76561198354544833
76561198354590008
76561198354591305
76561198354887837
76561198355068405
76561198355157584
76561198355295274
76561198355419280
76561198355459994
76561198355593538
76561198355597462
76561198355822873
76561198355914838
76561198356450983
76561198357152167
76561198357313490
76561198357389405
76561198357957021
76561198358413521
76561198358497272
76561198359138684
76561198359259960
76561198360151297
76561198360320359
76561198360403626
76561198360522976
76561198361322902
76561198361860901
76561198362772063
76561198362916241
76561198362957326
76561198363062262
76561198363808692
76561198363944154
76561198364483670
76561198364535635
76561198364632345
76561198365325122
76561198365404533
76561198365896444
76561198366088663
76561198366238851
76561198366428896
76561198366719116
76561198367217529
76561198368024417
76561198368436259
76561198368548321
76561198368724267
76561198369236057
76561198369254219
76561198369628655
76561198369764102
76561198369933384
76561198370506193
76561198370533290
76561198370582283
76561198370726752
76561198370959783
76561198371194227
76561198371208406
76561198371299065
76561198371335483
76561198371486880
76561198371572828
76561198371848607
76561198371875130
76561198372059615
76561198372222065
76561198372388738
76561198372550264
76561198372888206
76561198373024826
76561198373191284
76561198374590934
76561198374649650
76561198375096797
76561198375450631
76561198375961156
76561198376606482
76561198376756761
76561198376939098
76561198377423633
76561198377739841
76561198378430626
76561198378498915
76561198379220581
76561198379239250
76561198379458763
76561198379975688
76561198380632472
76561198380861789
76561198380941202
76561198380949576
76561198381004449
76561198381749875
76561198381887323
76561198382042415
76561198382289779
76561198382571260
76561198382766265
76561198382785373
76561198382943151
76561198383163934
76561198383282682
76561198383684677
76561198383838351
76561198383878101
76561198384054671
76561198384120999
76561198384193933
76561198384571890
76561198384573608
76561198384649334
76561198384884367
76561198384975480
76561198385318012
76561198385331597
76561198385373063
76561198385537639
76561198385643971
76561198385985177
76561198386109344
76561198386330171
76561198386434472
76561198386682679
76561198386755178
76561198387134447
76561198387743286
76561198388168113
76561198388506317
76561198388658968
76561198388769719
76561198388945442
76561198389327942
76561198389503532
76561198389769098
76561198390666516
76561198390674873
76561198391629724
76561198391726990
76561198391807901
76561198391996163
76561198392339356
76561198392390476
76561198392451321
76561198392625633
76561198392953840
76561198392993451
76561198393104896
76561198393357779
76561198393398316
76561198393433516
76561198393643744
76561198394089678
76561198394096098
76561198394272779
76561198394282182
76561198394743111
76561198394787747
76561198394789183
76561198394974405
76561198395103902
76561198395198319
76561198395589113
76561198395757940
76561198395956494
76561198396059638
76561198396394102
76561198396507133
76561198396599889
76561198397037383
76561198397221689
76561198397265207
76561198398049902
76561198398653664
76561198399498083
76561198399821124
76561198399908684
76561198400131598
76561198400895971
76561198400919627
76561198401262382
76561198401632761
76561198401931612
76561198402021727
76561198402204613
76561198402310696
76561198402367791
76561198402404500
76561198402554420
76561198402829808
76561198402857197
76561198403135553
76561198403420131
76561198403421988
76561198403511570
76561198403712096
76561198403731665
76561198403974566
76561198404051861
76561198404163660
76561198404174872
76561198404262801
76561198404294266
76561198404551841
76561198405006592
76561198405098070
76561198405200080
76561198405296220
76561198405651440
76561198405697133
76561198405745733
76561198405911117
76561198406141379
76561198406174530
76561198406319751
76561198406583937
76561198406885631
76561198407219049
76561198407349761
76561198407374680
76561198407561223
76561198407664146
76561198407858648
76561198408123966
76561198408523112
76561198408584976
76561198408606810
76561198408689296
76561198408845715
76561198408959334
76561198409125795
76561198409303230
76561198409664994
76561198409815033
76561198410285033
76561198410520186
76561198410729516
76561198410859278
76561198410889872
76561198411434068
76561198411600147
76561198411763791
76561198412089395
76561198412928095
76561198413022953
76561198413162577
76561198413728904
76561198414000256
76561198414006711
76561198414017849
76561198414167038
76561198414514250
76561198414601484
76561198414744695
76561198415001959
76561198415013485
76561198415021516
76561198415826448
76561198415959335
76561198416082332
76561198416347918
76561198416501605
76561198416527900
76561198416650763
76561198416988195
76561198417188657
76561198417255988
76561198417332375
76561198417522897
76561198417983437
76561198418146296
76561198418217491
76561198418802159
76561198419786025
76561198419790526
76561198419854940
76561198419902719
76561198420259035
76561198420935658
76561198421008721
76561198421045465
76561198421053152
76561198421199918
76561198421233118
76561198421336908
76561198421350343
76561198421414833
76561198421637036
76561198421654461
76561198421785537
76561198422076749
76561198422103060
76561198422120624
76561198422234222
76561198422373960
76561198422423758
76561198422527400
76561198422885922
76561198423438384
76561198423672259
76561198423760484
76561198424367750
76561198424514497
76561198424625683
76561198424853918
76561198425240049
76561198425240667
76561198425353964
76561198425401222
76561198425512144
76561198425543350
76561198426156374
76561198426184419
76561198426382614
76561198426414896
76561198426861468
76561198426940755
76561198427163651
76561198427490687
76561198427533262
76561198428484438
76561198430235504
76561198431885976
76561198431932251
76561198432260935
76561198432520728
76561198432874767
76561198433471566
76561198434291030
76561198434701750
76561198434967805
76561198435340504
76561198435598373
76561198436431597
76561198436573178
76561198436995629
76561198437020547
76561198438165946
76561198438735474
76561198438875203
76561198438998491
76561198439594819
76561198439671952
76561198439777707
76561198440016099
76561198440055051
76561198440178970
76561198440323690
76561198440356198
76561198440843741
76561198441298646
76561198441442130
76561198441502785
76561198441859082
76561198441859324
76561198441885396
76561198442625524
76561198442650840
76561198442805203
76561198442890591
76561198442981093
76561198443201002
76561198443739387
76561198443825825
76561198444065465
76561198444278771
76561198444904545
76561198445021239
76561198445585869
76561198445705497
76561198445735574
76561198445863148
76561198446322601
76561198446630909
76561198447121604
76561198447161692
76561198447574793
76561198447826269
76561198448256884
76561198448632331
76561198448942657
76561198448949906
76561198448996387
76561198449144493
76561198449231213
76561198449329157
76561198449639092
76561198449847323
76561198449886954
76561198450716972
76561198450864475
76561198450919945
76561198451009130
76561198451161027
76561198451345608
76561198451463273
76561198451918616
76561198452068055
76561198452070746
76561198452075860
76561198452221659
76561198452712242
76561198452829128
76561198452869245
76561198453282398
76561198453616240
76561198454649359
76561198511066905
76561198715169228
76561198724157924
76561198740730734
76561198742195969
76561198795598208
76561198795996556
76561198796225399
76561198796318474
76561198796558503
76561198796830987
76561198796990588
76561198797075510
76561198797260704
76561198797368853
76561198797390137
76561198797406850
76561198797621199
76561198797903073
76561198798204895
76561198798271914
76561198798289245
76561198798397812
76561198798439047
76561198798763536
76561198798827844
76561198798841999
76561198798879879
76561198798974935
76561198799031853
76561198799089451
76561198799147037
76561198799246533
76561198799285186
76561198799294916
76561198799307691
76561198799367104
76561198799377428
76561198799392084
76561198799483883
76561198799718183
76561198799731885
76561198800108296
76561198800145516
76561198800674945
76561198800750501
76561198800856757
76561198801108627
76561198801165683
76561198801170798
76561198801333258
76561198801377836
76561198801439948
76561198801444936
76561198801461277
76561198801480445
76561198801515391
76561198801537442
76561198801567741
76561198801800398
76561198801822653
76561198801844857
76561198801861010
76561198801865103
76561198801952447
76561198801959315
76561198802098803
76561198802121655
76561198802321794
76561198802513899
76561198802687519
76561198802747749
76561198802770725
76561198802770979
76561198802772753
76561198802777596
76561198802780126
76561198802783282
76561198802784070
76561198802786283
76561198802796619
76561198802800569
76561198802804831
76561198802805663
76561198802810956
76561198802812813
76561198802813182
76561198802813741
76561198802813798
76561198802817581
76561198802820043
76561198802821311
76561198802825597
76561198802826389
76561198802826654
76561198802826860
76561198802835377
76561198802835755
76561198802838456
76561198802839803
76561198802839810
76561198802843177
76561198802847758
76561198802848661
76561198802849037
76561198802850084
76561198802860020
76561198802863925
76561198802864818
76561198802865315
76561198802866027
76561198802867615
76561198802878162
76561198802878794
76561198802882599
76561198802888648
76561198802901156
76561198802901944
76561198802904312
76561198802914361
76561198802916013
76561198803016348
76561198803184064
76561198803566591
76561198803600842
76561198803679684
76561198803741775
76561198803858066
76561198804304664
76561198804316265
76561198804320643
76561198804353209
76561198804415456
76561198804428144
76561198804487329
76561198804561376
76561198804570231
76561198804578094
76561198804630868
76561198804891568
76561198804963973
76561198805008700
76561198805009193
76561198805012707
76561198805014023
76561198805029699
76561198805031892
76561198805039167
76561198805054662
76561198805057438
76561198805058411
76561198805061701
76561198805066941
76561198805080912
76561198805085936
76561198805090749
76561198805091176
76561198805097165
76561198805102112
76561198805102443
76561198805111525
76561198805119724
76561198805125614
76561198805191008
76561198805259268
76561198805379756
76561198805501598
76561198805602860
76561198805797317
76561198805914843
76561198805923625
76561198805967382
76561198805980173
76561198806020320
76561198806052431
76561198806054712
76561198806069255
76561198806097148
76561198806099186
76561198806100963
76561198806106304
76561198806133575
76561198806202330
76561198806295788
76561198806559015
76561198807269949
76561198807571190
76561198807781674
76561198808183144
76561198808653324
76561198809250754
76561198809596853
76561198810148273
76561198810426258
76561198810446012
76561198810639330
76561198810855281
76561198810928501
76561198811805287
76561198811832046
76561198811866959
76561198811891328
76561198811917259
76561198811919004
76561198811963113
76561198811966659
76561198811992371
76561198812020381
76561198812033446
76561198812058467
76561198812073843
76561198812077345
76561198812109728
76561198812110044
76561198812408896
76561198813367839
76561198813447310
76561198813813787
76561198814680330
76561198814782883
76561198814969820
76561198815018419
76561198815070130
76561198815080418
76561198815105868
76561198815293147
76561198815311781
76561198815507568
76561198815623423
76561198815657633
76561198815952354
76561198816390960
76561198816691266
76561198817345530
76561198817675660
76561198817945251
76561198818254146
76561198818930756
76561198819105582
76561198819206842
76561198819255576
76561198819400644
76561198819638421
76561198819787251
76561198819794232
76561198819831458
76561198819860023
76561198819864228
76561198819905357
76561198820002289
76561198820185409
76561198820293485
76561198820322568
76561198820355722
76561198820411361
76561198820784522
76561198820790364
76561198820953065
76561198821327307
76561198821364636
76561198821532384
76561198821566403
76561198821645779
76561198821835709
76561198821886249
76561198821910874
76561198822572868
76561198822993649
76561198822995147
76561198823028204
76561198823039874
76561198823101975
76561198823198398
76561198823357683
76561198823872144
76561198824008537
76561198824219256
76561198824324245
76561198824494300
76561198824973711
76561198825178573
76561198825595547
76561198825675960
76561198825683196
76561198825994986
76561198826003301
76561198826007139
76561198826115226
76561198826261936
76561198826657628
76561198826895815
76561198827003057
76561198827797289
76561198827821943
76561198827935175
76561198827972371
76561198828075792
76561198828221517
76561198828281418
76561198828391139
76561198829261591
76561198829346622
76561198829952393
76561198830017983
76561198830126200
76561198830492799
76561198830568621
76561198831225692
76561198831833142
76561198831894475
76561198832273967
76561198832316243
76561198832350932
76561198832495198
76561198833011948
76561198833576238
76561198834020355
76561198834582739
76561198834641661
76561198834828529
76561198835144228
76561198835246475
76561198835396329
76561198835572356
76561198835599988
76561198835724549
76561198835754957
76561198835894724
76561198836033605
76561198836708237
76561198838545381
76561198838786942
76561198838833128
76561198838934185
76561198839103650
76561198839145014
76561198839612863
76561198839996490
76561198840036369
76561198841585032
76561198841789479
76561198842171587
76561198842276700
76561198842380923
76561198842493898
76561198842858483
76561198842946877
76561198843003071
76561198843124218
76561198843176528
76561198843257545
76561198843406036
76561198843521292
76561198843572193
76561198843576131
76561198844009361
76561198844060094
76561198844313901
76561198844337044
76561198844679681
76561198844803570
76561198844854070
76561198845089016
76561198845365007
76561198845461354
76561198845921093
76561198845946479
76561198846076243
76561198846080789
76561198846512277
76561198846820904
76561198846975860
76561198847183343
76561198847477938
76561198847626978
76561198847668677
76561198847851609
76561198847871736
76561198847905436
76561198847916709
76561198848110176
76561198848390991
76561198848432587
76561198848471204
76561198848565943
76561198848611624
76561198848936142
76561198848952796
76561198848980445
76561198849020314
76561198849046176
76561198849064661
76561198849071885
76561198849168076
76561198849394381
76561198849934637
76561198850229736
76561198850425883
76561198851400815
76561198851930315
76561198852038385
76561198852059903
76561198852069529
76561198852124473
76561198852145299
76561198852179183
76561198852204460
76561198852211357
76561198852238402
76561198852242629
76561198852246834
76561198852267705
76561198852284968
76561198852323231
76561198852442129
76561198852443958
76561198852695235
76561198852711527
76561198852997320
76561198853224978
76561198854237705
76561198854654211
76561198855074439
76561198855746763
76561198855795778
76561198856562180
76561198856613536
76561198856659136
76561198857079787
76561198857309313
76561198857345127
76561198858492999
76561198858864653
76561198859231671
76561198859421176
76561198859708809
76561198860285479
76561198860449456
76561198861634745
76561198861797596
76561198861965677
76561198861982630
76561198862023208
76561198862136899
76561198862673802
76561198862907675
76561198864055693
76561198864310714
76561198864966393
76561198865005463
76561198865088255
76561198865437700
76561198865567690
76561198865758149
76561198865940520
76561198865962702
76561198866148241
76561198866772113
76561198867730304
76561198867961795
76561198868137670
76561198868487714
76561198868492955
76561198868527305
76561198868587171
76561198869028184
76561198869142483
76561198869150296
76561198869615015
76561198869875431
76561198870413900
76561198870873242
76561198871206520
76561198871333487
76561198871409250
76561198871453766
76561198871499172
76561198871653185
76561198871723933
76561198871760672
76561198871774728
76561198871823504
76561198872034277
76561198872186448
76561198872270623
76561198872400303
76561198872436883
76561198872494328
76561198872582903
76561198872690537
76561198872707108
76561198872771732
76561198872785264
76561198872899770
76561198873347682
76561198873362576
76561198873496072
76561198873815627
76561198875839295
76561198876490017
76561198876717220
76561198876779037
76561198876793011
76561198877125775
76561198877171170
76561198877247271
76561198877793356
76561198877994711
76561198878053364
76561198879082328
76561198879778333
76561198880351340
76561198880443003
76561198880523021
76561198880590712
76561198880724598
76561198880814277
76561198881046628
76561198881047327
76561198881076449
76561198881137091
76561198881239683
76561198881456766
76561198881474752
76561198881476314
76561198881644008
76561198882096940
76561198882146136
76561198882545589
76561198882640181
76561198883357825
76561198883650771
76561198883976853
76561198884048581
76561198884198807
76561198884498203
76561198885957597
76561198886633236
76561198886702125
76561198887359315
76561198887997678
76561198888177867
76561198888453311
76561198888969944
76561198890557800
76561198891458664
76561198891946200
76561198891968125
76561198892100391
76561198892488244
76561198894036447
76561198894706009
76561198894850769
76561198894958917
76561198896052660
76561198897560804
76561198898046710
76561198904196309
76561198906138772
76561198906968899
76561198907117199
76561198907398486
76561198908180259
76561198909883295
76561198909992634
76561198910017114
76561198910131117
76561198910223488
76561198910248372
76561198910340963
76561198911363531
76561198913484469
76561198914201154
76561198914716024
76561198914837798
76561198917795470
76561198918081197
76561198918705109
76561198919855567
76561198920041384
76561198920076071
76561198920080769
76561198920265815
76561198920566149
76561198920646682
76561198920987530
76561198921071598
76561198921233826
76561198923159930
76561198924192513
76561198924302122
76561198924699377
76561198925251762
76561198925844385
76561198927808979
76561198929633144
76561198929896633
76561198930002578
76561198930433364
76561198932860725
76561198933058988
76561198933605366
76561198935031817
76561198936520736
76561198939086291
76561198939195185
76561198941406392
76561198942354117
76561198943019894
76561198943820721
76561198944332967
76561198945353175
76561198946783148
76561198947240802
76561198949109309
76561198950238599
76561198951936642
76561198952413023
76561198953086914
76561198953692133
76561198953976079
76561198954418015
76561198955215826
76561198955418505
76561198956465989
76561198956756870
76561198958573151
76561198959050395
76561198959666549
76561198960282727
76561198960564687
76561198961228444
76561198961341517
76561198961464242
76561198961990811
76561198963113283
76561198963297612
76561198963477772
76561198963658118
76561198963779372
76561198964013193
76561198964014599
76561198964884678
76561198964973908
76561198965234832
76561198965512240
76561198965656314
76561198965850955
76561198966005698
76561198966689603
76561198967037978
76561198967362403
76561198967539132
76561198967721357
76561198968054992
76561198968543145
76561198968549023
76561198968698006
76561198968775118
76561198969370503
76561198969488471
76561198969623174
76561198969659452
76561198969776975
76561198970422736
76561198970597656
76561198970676099
76561198970807419
76561198971698539
76561198971840184
76561198972019751
76561198972126831
76561198972250465
76561198973131860
76561198973295611
76561198973330857
76561198973760867
76561198973763823
76561198973904520
76561198973925941
76561198974010386
76561198974192245
76561198974209839
76561198974799327
76561198974830114
76561198975541564
76561198975557175
76561198976618964
76561198976641701
76561198976814028
76561198976948283
76561198977348743
76561198978929033
76561198979019508
76561198979582681
76561198979625916
76561198980050025
76561198980141736
76561198980207889
76561198980982275
76561198981251190
76561198981362275
76561198981619199
76561198981717440
76561198981858561
76561198981883093
76561198981990034
76561198982038879
76561198982135911
76561198982188078
76561198982340375
76561198982345939
76561198982401913
76561198982477608
76561198982618522
76561198982849046
76561198982851151
76561198983047224
76561198983227411
76561198983712109
76561198983990570
76561198984705168
76561198985492401
76561198986001833
76561198986021339
76561198986045425
76561198986075851
76561198986180843
76561198986224720
76561198986263392
76561198986279208
76561198986317775
76561198986403551
76561198986409389
76561198986492566
76561198986630565
76561198986739855
76561198986877793
76561198987001219
76561198987025573
76561198987262284
76561198987323287
76561198987473421
76561198987957699
76561198988881802
76561198988968966
76561198989067370
76561198989077887
76561198989274512
76561198989417392
76561198989983717
76561198990225241
76561198990488974
76561198990551127
76561198990949264
76561198991165991
76561198991365135
76561198991629253
76561198991694983
76561198991772747
76561198991906102
76561198992525380
76561198992677335
76561198992859491
76561198992939960
76561198993030156
76561198993413834
76561198993538885
76561198994256954
76561198995357933
76561198995404693
76561198995664654
76561198996449646
76561198996554013
76561198996580964
76561198996660519
76561198996756922
76561198997139815
76561198997687268
76561198997706813
76561198998014379
76561198998233765
76561198998504822
76561198998512162
76561198999037654
76561198999453104
76561199000161062
76561199000384494
76561199000804689
76561199000829228
76561199000851455
76561199000961985
76561199001114266
76561199001212377
76561199001581774
76561199001724138
76561199001786502
76561199001917548
76561199002007362
76561199002039594
76561199002103649
76561199002160369
76561199002367480
76561199002411384
76561199002815614
76561199003039988
76561199003074632
76561199003111472
76561199003334927
76561199003836741
76561199004344809
76561199004885821
76561199005376380
76561199005544563
76561199005860997
76561199005889951
76561199006059356
76561199006073976
76561199006081779
76561199006097051
76561199007112298
76561199007372762
76561199007459275
76561199007501230
76561199007644566
76561199007864195
76561199007929107
76561199007999134
76561199008819130
76561199008875499
76561199009140906
76561199010123558
76561199010425929
76561199010783922
76561199011038872
76561199012004919
76561199012114898
76561199013395925
76561199013564764
76561199013587456
76561199013630818
76561199013673675
76561199013725844
76561199013853575
76561199013878038
76561199013963017
76561199013973269
76561199014055742
76561199014107462
76561199014147282
76561199014158879
76561199014526611
76561199014567282
76561199014680224
76561199014720140
76561199014734319
76561199014855863
76561199014881120
76561199014925914
76561199015181162
76561199015209260
76561199015212071
76561199015381998
76561199015389180
76561199015458608
76561199015490639
76561199015544893
76561199015701370
76561199016002095
76561199016022659
76561199016072880
76561199016158662
76561199016368630
76561199016460638
76561199016488961
76561199016731547
76561199017324064
76561199017671199
76561199018270284
76561199018494965
76561199018851405
76561199019041939
76561199019093512
76561199019529280
76561199020637145
76561199020936069
76561199021106894
76561199021305523
76561199021322150
76561199021685381
76561199021804756
76561199021969373
76561199022037281
76561199022084455
76561199022347749
76561199023589510
76561199023797019
76561199024067822
76561199024085331
76561199024111343
76561199024177579
76561199024210277
76561199024227191
76561199024346717
76561199024591783
76561199024654346
76561199024893372
76561199024927815
76561199025032577
76561199025100053
76561199025379455
76561199025960855
76561199025974556
76561199026104068
76561199026111284
76561199026574945
76561199026599650
76561199027138444
76561199027184610
76561199027255088
76561199027354770
76561199027498599
76561199027684894
76561199027697928
76561199027706120
76561199028631740
76561199029038458
76561199029078872
76561199029189358
76561199029385450
76561199029547725
76561199030322900
76561199030468518
76561199030485246
76561199030674747
76561199031054245
76561199031196657
76561199031320968
76561199031351264
76561199031434639
76561199031439412
76561199031713650
76561199031753988
76561199031814442
76561199032134717
76561199032259288
76561199032513672
76561199032815804
76561199032929356
76561199032949021
76561199032963576
76561199033090425
76561199033493411
76561199033543000
76561199033607931
76561199033922588
76561199034236429
76561199034339106
76561199034461181
76561199035513099
76561199035638176
76561199035804076
76561199036098438
76561199036208799
76561199036252337
76561199036478455
76561199036933692
76561199037059868
76561199037684985
76561199038074116
76561199038491287
76561199038832516
76561199039283633
76561199039329137
76561199039608350
76561199039632223
76561199039817362
76561199040233191
76561199040298288
76561199040497513
76561199040851490
76561199040932311
76561199041089415
76561199041330795
76561199041443752
76561199041491201
76561199041685432
76561199042041539
76561199042090532
76561199042125576
76561199042137322
76561199042522770
76561199042902590
76561199042955852
76561199043315101
76561199043323318
76561199043662245
76561199043726247
76561199044538650
76561199044714249
76561199044780296
76561199044974042
76561199045011701
76561199045338225
76561199045440710
76561199045746564
76561199045847781
76561199046285036
76561199046404429
76561199046509632
76561199046586848
76561199046879628
76561199046961349
76561199047115247
76561199047352459
76561199047400416
76561199047446208
76561199047865465
76561199048107989
76561199048170530
76561199048348259
76561199048691516
76561199049011373
76561199049390974
76561199049420661
76561199049452889
76561199049716584
76561199050571666
76561199050999021
76561199052465462
76561199052729284
76561199052777580
76561199052836167
76561199052957412
76561199053092585
76561199053147053
76561199053372373
76561199053550065
76561199053625796
76561199053805578
76561199054027050
76561199054448299
76561199054452055
76561199054712274
76561199054714993
76561199054777083
76561199054789036
76561199054832860
76561199055001197
76561199055012202
76561199055649812
76561199055667297
76561199057041053
76561199057248911
76561199057589332
76561199057646584
76561199057659367
76561199058134295
76561199058198248
76561199058418864
76561199058533073
76561199058547103
76561199058678165
76561199058716762
76561199058942198
76561199059226651
76561199059953937
76561199060079334
76561199060117143
76561199060158585
76561199060284050
76561199060528861
76561199060579019
76561199060593209
76561199061313468
76561199062097312
76561199062150117
76561199062591260
76561199062638756
76561199062947915
76561199063315126
76561199063521609
76561199064389643
76561199064409522
76561199064615807
76561199064630127
76561199065022352
76561199065063117
76561199065191613
76561199065291928
76561199065452899
76561199065572344
76561199065723335
76561199065791937
76561199065842746
76561199066325389
76561199066347201
76561199066358350
76561199066427295
76561199066801817
76561199066986123
76561199067836748
76561199067925855
76561199067980853
76561199068112187
76561199068347139
76561199068950357
76561199068960276
76561199069125393
76561199069354845
76561199069373721
76561199069432020
76561199069609613
76561199069975576
76561199070119733
76561199070318164
76561199070327732
76561199070380866
76561199070499632
76561199070622649
76561199070837102
76561199070842817
76561199071095684
76561199071147578
76561199071151781
76561199071202472
76561199071447385
76561199071629486
76561199071642477
76561199071766099
76561199071879976
76561199071941738
76561199072698246
76561199072757561
76561199073142280
76561199073419563
76561199073537173
76561199073741857
76561199074009898
76561199074168223
76561199074391758
76561199074476375
76561199074583046
76561199074688551
76561199074701284
76561199074942833
76561199075655324
76561199075722112
76561199075723051
76561199075789811
76561199075804392
76561199075826037
76561199075878897
76561199076219103
76561199076298450
76561199076502383
76561199076509273
76561199076926113
76561199077081676
76561199077192113
76561199077660880
76561199077720941
76561199078514139
76561199078694194
76561199078744960
76561199078752482
76561199079061288
76561199079379660
76561199079638974
76561199079659947
76561199080124923
76561199080189658
76561199080416522
76561199080787804
76561199080867282
76561199081473344
76561199081534520
76561199081642102
76561199081767317
76561199081881226
76561199082082696
76561199082218338
76561199082221805
76561199082323776
76561199082372459
76561199082436726
76561199082651433
76561199083515250
76561199083903501
76561199084020591
76561199084490930
76561199084497985
76561199084693112
76561199084743948
76561199085329364
76561199085363080
76561199085686069
76561199085762564
76561199085818046
76561199086322100
76561199086333393
76561199086788469
76561199086999017
76561199087064054
76561199087507293
76561199087805485
76561199088487882
76561199089040561
76561199089132623
76561199089260472
76561199089397962
76561199089408398
76561199089740444
76561199089824354
76561199089901260
76561199090505282
76561199090713726
76561199091264934
76561199091322145
76561199092671522
76561199092721962
76561199093618795
76561199093941963
76561199094167754
76561199094190812
76561199094600705
76561199094718364
76561199094795546
76561199095130462
76561199095204819
76561199095259693
76561199095355103
76561199095616096
76561199095883173
76561199096351406
76561199096831756
76561199096879921
76561199096952182
76561199096993874
76561199097209739
76561199097921261
76561199098771544
76561199099059610
76561199099308279
76561199099371614
76561199099718591
76561199100788271
76561199100812836
76561199101262183
76561199101319071
76561199101663848
76561199101711930
76561199101828086
76561199101969701
76561199102217534
76561199102483889
76561199102786465
76561199102941485
76561199103241309
76561199103642567
76561199103680108
76561199103827036
76561199103959959
76561199104633575
76561199104864670
76561199104909031
76561199104957106
76561199105013702
76561199105721898
76561199105827218
76561199106821169
76561199106952566
76561199107045416
76561199107877909
76561199107905910
76561199108063992
76561199108593042
76561199109716523
76561199111107207
76561199111147390
76561199111325274
76561199111410138
76561199112025715
76561199112357066
76561199112577737
76561199112790366
76561199112797485
76561199112914284
76561199113359401
76561199113377841
76561199113435214
76561199113462101
76561199113772687
76561199115674712
76561199116017002
76561199116058507
76561199116120036
76561199116230015
76561199116280673
76561199116336573
76561199116467597
76561199116719515
76561199116959888
76561199117033095
76561199117178631
76561199118234810
76561199119631163
76561199119893197
76561199120854666
76561199120979891
76561199121128209
76561199121411126
76561199121455258
76561199121586620
76561199122045178
76561199122241670
76561199123079267
76561199123325940
76561199123437632
76561199123720752
76561199123784618
76561199124169293
76561199124435202
76561199124820516
76561199124872320
76561199125097716
76561199125794980
76561199125881988
76561199125976727
76561199126079072
76561199126126410
76561199126296414
76561199126742681
76561199126952441
76561199126983067
76561199127034350
76561199127533291
76561199127564527
76561199128296940
76561199128514065
76561199128556983
76561199128923930
76561199129761915
76561199130847824
76561199131018406
76561199131457031
76561199131913935
76561199132167741
76561199132197906
76561199132513811
76561199132713938
76561199132719249
76561199132950516
76561199133521021
76561199134144677
76561199134436553
76561199134486200
76561199134892712
76561199134990927
76561199135018386
76561199135985548
76561199136360230
76561199136410322
76561199136445573
76561199136562532
76561199136634919
76561199136725916
76561199137561972
76561199137746142
76561199137748501
76561199138161620
76561199138394604
76561199138735421
76561199138846556
76561199138882857
76561199139098618
76561199140198528
76561199140365750
76561199140433250
76561199140443312
76561199140451944
76561199140482506
76561199140575897
76561199140586541
76561199140593604
76561199140762892
76561199140839761
76561199141078867
76561199141156479
76561199141171974
76561199141206142
76561199141208422
76561199141218502
76561199141309178
76561199141317430
76561199141331639
76561199141344299
76561199141384187
76561199141437742
76561199141488559
76561199141647473
76561199141660922
76561199141675696
76561199141776675
76561199141853700
76561199141888973
76561199142294393
76561199142352088
76561199142397443
76561199142847733
76561199143548270
76561199143763063
76561199143910595
76561199143934782
76561199144112158
76561199144365506
76561199144484299
76561199144692700
76561199145176270
76561199145480061
76561199145635572
76561199145686559
76561199146274841
76561199146384999
76561199146408868
76561199146659792
76561199146691488
76561199146731223
76561199147058595
76561199147566675
76561199147684870
76561199147738972
76561199148217655
76561199149612486
76561199149846682
76561199150132438
76561199150470599
76561199150525217
76561199150589483
76561199150664456
76561199150719226
76561199150732547
76561199150918052
76561199151193265
76561199151398676
76561199151565670
76561199152104380
76561199152131825
76561199152243907
76561199152723091
76561199152728715
76561199153172834
76561199153335575
76561199153464824
76561199153844014
76561199153886680
76561199153964665
76561199154056586
76561199154085217
76561199154181016
76561199154638814
76561199154697462
76561199154839600
76561199154948040
76561199155095704
76561199155339450
76561199155444060
76561199156033678
76561199156323066
76561199156563232
76561199157019542
76561199157032132
76561199157353910
76561199157496907
76561199157527039
76561199157692247
76561199158136797
76561199158221035
76561199158375980
76561199158736422
76561199159110288
76561199159307964
76561199159315735
76561199159476284
76561199159814307
76561199160173705
76561199160244718
76561199160306782
76561199160338275
76561199160409054
76561199160488749
76561199160495847
76561199160640452
76561199160718186
76561199161001821
76561199161030255
76561199161410455
76561199161863894
76561199161917974
76561199162059068
76561199162348184
76561199163781425
76561199163788016
76561199163817751
76561199164363041
76561199164528143
76561199164636008
76561199164810713
76561199164966131
76561199165317368
76561199165341363
76561199165441539
76561199165653707
76561199165692312
76561199166040799
76561199166310359
76561199166989021
76561199167384998
76561199167463209
76561199167983221
76561199168508344
76561199169042992
76561199169322428
76561199169502331
76561199169773004
76561199169847634
76561199170765932
76561199171081052
76561199171700543
76561199171760084
76561199171961739
76561199172647182
76561199173029735
76561199173138557
76561199173260488
76561199173280354
76561199173370037
76561199173534383
76561199173683449
76561199173821094
76561199174037385
76561199174169666
76561199174176486
76561199174346505
76561199175043529
76561199175308416
76561199175628032
76561199175694190
76561199176009323
76561199176483353
76561199177001088
76561199177034451
76561199177229070
76561199177452496
76561199177626658
76561199177920424
76561199177937279
76561199177957347
76561199177966583
76561199178286748
76561199178504711
76561199178639848
76561199178685433
76561199178691210
76561199178712060
76561199178717210
76561199178802527
76561199178958106
76561199178985378
76561199179019063
76561199179030399
76561199179118335
76561199179256861
76561199179787156
76561199179969795
76561199180152730
76561199180272375
76561199181519679
76561199182333514
76561199182383434
76561199182403840
76561199182967436
76561199183034308
76561199183373138
76561199183660587
76561199184419450
76561199184588209
76561199184919450
76561199184935022
76561199184941278
76561199185045782
76561199185399406
76561199185431797
76561199186096419
76561199187930672
76561199188366836
76561199188556110
76561199188732197
76561199188895579
76561199189115465
76561199189812524
76561199190015879
76561199190328712
76561199190559780
76561199190729940
76561199190852302
76561199191520578
76561199191734628
76561199191817377
76561199191856591
76561199191994185
76561199192819169
76561199192886227
76561199192890557
76561199192895932
76561199193167076
76561199193195954
76561199193412413
76561199193793660
76561199193957796
76561199194490356
76561199195200859
76561199195834358
76561199196108324
76561199197400509
76561199197776450
76561199198048276
76561199198209122
76561199198314658
76561199198326353
76561199198582668
76561199199345559
76561199199436290
76561199200293542
76561199200943259
76561199201231736
76561199201462771
76561199201630356
76561199201746288
76561199201791913
76561199201990064
76561199202046789
76561199202103616
76561199202108681
76561199202116140
76561199202200434
76561199202254071
76561199202264253
76561199202454647
76561199202462051
76561199202559811
76561199202562524
76561199202642575
76561199202749722
76561199202919957
76561199203078312
76561199203184308
76561199203463814
76561199204190146
76561199204890685
76561199204933910
76561199205475072
76561199205740059
76561199206053754
76561199206329633
76561199206480975
76561199206515564
76561199206808018
76561199207200019
76561199207439801
76561199208844754
76561199209010120
76561199209277877
76561199209392111
76561199209842553
76561199209941542
76561199210206025
76561199210813863
76561199210878150
76561199210941801
76561199211053273
76561199211377792
76561199211395365
76561199211467432
76561199212430618
76561199212628013
76561199212802812
76561199213305214
76561199213357074
76561199213587571
76561199214020371
76561199214353702
76561199214370184
76561199214935132
76561199214964842
76561199215208750
76561199215211064
76561199215237067
76561199215245410
76561199215251313
76561199216166340
76561199216355041
76561199216557606
76561199216614973
76561199216687068
76561199217334324
76561199217535475
76561199217675561
76561199217706901
76561199218190879
76561199218432046
76561199218609864
76561199218921772
76561199219298952
76561199219539343
76561199219581320
76561199219898744
76561199219907573
76561199219996810
76561199219999300
76561199220012003
76561199220143690
76561199220242183
76561199220281028
76561199220427372
76561199220446653
76561199220490805
76561199220822081
76561199221011102
76561199221429254
76561199221510800
76561199222223583
76561199222890018
76561199222941193
76561199223004907
76561199224494434
76561199224539158
76561199224744824
76561199224853972
76561199225049795
76561199225518205
76561199225690290
76561199225834526
76561199226562960
76561199226595581
76561199226807357
76561199226895800
76561199227170489
76561199227299416
76561199227488018
76561199228199950
76561199228299213
76561199228345254
76561199228353330
76561199229101100
76561199229398333
76561199229568916
76561199230659338
76561199231068722
76561199231809107
76561199231893247
76561199232861952
76561199232943286
76561199235361576
76561199235976948
76561199237104634
76561199237650389
76561199237914241
76561199238607315
76561199238967334
76561199239488202
76561199240556263
76561199240735045
76561199241439355
76561199241597365
76561199243055398
76561199244029427
76561199245573473
76561199245891084
76561199247128969
76561199247404963
76561199247435675
76561199248654563
76561199249062335
76561199251063383
76561199251306514
76561199251374427
76561199252439679
76561199256087739
76561199256693276
76561199257336837
76561199257820881
76561199257896693
76561199258021471
76561199259352066
76561199259705591
76561199261183039
76561199262623652
76561199262968923
76561199266038268
76561199268185755
76561199268190910
76561199274212605
76561199276972122
76561199285439246
76561199289656401
76561199298337788
76561199302631041
76561199310342090
76561199311789464
76561199326413960
76561199351784461
76561199351960206
76561199353758150
76561199355111529
76561199359945092
76561199362225026
76561199365310025
76561199367747887
76561199370793243
76561199371918568
76561199372278655
76561199372416217
76561199372454874
76561199372545470
76561199372591217
76561199375868712
76561199379490564
76561199381921893
76561199385750663
76561199386748637
76561199387230520
76561199387457695
76561199387671628
76561199388419234
76561199388485242
76561199390063931
76561199392239285
76561199395933285
76561199402946847
76561199403509907
76561199411472326
76561199416618619
76561199439362371
76561199441549005
