300435
426937
1547677
1602884
1691706
1867592
2964179
3298857
3516622
4396173
5877833
7161997
9691648
15099480
15240372
15849520
28133832
32868238
34069118
46045047
55880231
56195273
56850276
57667768
61438565
64589713
66728419
74082796
81967999
83816164
86618449
98856943
102613249
105224474
106612944
108154968
111320042
111727295
111943220
118019931
121623564
122745208
125970549
125981603
127388610
129372990
131030460
131654210
136608102
146872269
147831332
151729549
157388780
165126781
165537643
166361110
170552789
173444279
175690057
176909551
177545963
183952210
191554052
195110334
196286112
199110399
202996424
203331916
204202480
205876590
207507426
207572859
208901157
220132395
224670169
229125209
230288982
232163794
236327626
238416754
239042645
247893525
249194567
253656939
253844483
276155336
280969350
282470170
288728546
295280537
295813087
296273550
296627298
297889732
298538125
298786441
300677127
304256835
306902159
311760627
312314133
327243820
327297722
330896953
331378248
335216384
340899113
341254721
341643035
342810712
344259748
352524729
358544256
360048884
361424349
365377624
367531190
368920659
369668186
369976033
370468449
371388979
373004559
374035956
375304881
376722142
376776314
378208983
380466074
382714369
384450208
385408542
386852779
387200151
391015617
391728196
392752159
394325577
397479689
401595173
402488317
404269907
408458539
410461024
411120933
412123010
414383922
415984355
416779199
420214317
422420813
423418949
424375243
425065869
430167405
431730435
432073628
432124748
432359905
434708677
437519633
440778620
441301982
442612352
443465937
444028538
444240650
448693606
449549305
450019305
451168340
453901310
455693607
456922929
458058269
458484656
459524798
460586393
460742993
460787424
460967390
462158030
464248769
466595740
471666523
472401087
472948843
475074776
477800468
478469746
479329091
480090470
482299065
482385112
483645952
484192480
488878765
490284148
491652888
491955931
835332480
835890375
838132084
838823723
838980805
840158649
840899897
842918336
844304503
844312366
844365140
845235870
845531589
849507353
849882545
851311880
851811617
854096559
855391905
859134916
859594295
860089994
862307140
863324091
865737573
865849498
867951015
869752255
874317011
875974091
878673154
879096646
884071316
884332935
885866798
886555176
887402949
889128653
889830039
891972674
892057503
892176401
892178230
894808711
898124706
901052341
902353804
904700665
907871942
908261577
911494944
912317175
917527628
917552392
920548549
923711125
931702397
946778118
961676494
985087447
986975074
989972871
992958391
1001954473
1004583979
1008509390
1013390072
1018688777
1019784297
1022352794
1025915115
1026013480
1026996556
1039895334
1040118766
1040696257
1045793628
1047378838
1048875178
1050518194
1052657961
1053400644
1055224911
1058004556
1058893317
1064627644
1077419257
1084708314
1085072497
1090713653
1097932520
1102151487
1109107993
1110115138
1110933323
1112876552
1115093726
1115538664
1119113932
1119394219
1126086627
1127241565
1133676235
1136686454
1138827526
1144598942
1148941800
1155964287
1164606592
1165710999
1166686713
1174167762
1180355842
1181623245
1183846430
1190652324
1201986525
1212764007
1230483943
1231850813
1232745708
1235135066
