76561197960566163
76561197960692665
76561197960953533
76561197961813405
76561197961815191
76561197961868612
76561197961957434
76561197962133320
76561197963229907
76561197963350619
76561197963564585
76561197963782350
76561197964661901
76561197966143561
76561197966487981
76561197966672908
76561197967046923
76561197967427725
76561197969355296
76561197969442873
76561197969957376
76561197971359828
76561197971969028
76561197975365208
76561197975506100
76561197976115248
76561197976159924
76561197977210100
76561197985076859
76561197988399560
76561197993133966
76561197994334846
76561198001089151
76561198001346258
76561198001702517
76561198006310775
76561198008964697
76561198010609777
76561198012365770
76561198013439875
76561198016145959
76561198016461001
76561198017116004
76561198017933496
76561198021501423
76561198021704293
76561198023035832
76561198023353107
76561198024732929
76561198024855441
76561198025868445
76561198026744675
76561198026994147
76561198033635713
76561198034348524
76561198042233727
76561198044081892
76561198046884177
76561198054843834
76561198055230361
76561198056655512
76561198059122671
76561198060383747
76561198061068917
76561198062168438
76561198062703763
76561198062878977
76561198065391730
76561198065490202
76561198066878672
76561198068420696
76561198071585770
76561198071993023
76561198072208948
76561198074187930
76561198078285659
76561198081889292
76561198083010936
76561198083336629
76561198083346999
76561198086236277
76561198086247331
76561198087654338
76561198087910235
76561198089638718
76561198091296188
76561198091919938
76561198096873830
76561198096964328
76561198099365013
76561198101883799
76561198107137997
76561198107397560
76561198108097060
76561198109765531
76561198111995277
76561198113964161
76561198117343312
76561198117383389
76561198117654508
76561198118833909
76561198122958256
76561198123392139
76561198124386428
76561198125392509
76561198125803371
76561198126626838
76561198128404316
76561198130490695
76561198130818517
76561198133710007
76561198135955785
76561198137175279
76561198137811691
76561198142115831
76561198144217938
76561198149215542
76561198150700899
76561198151819780
76561198155376062
76561198156551840
76561198158215817
76561198158780557
76561198159376127
76561198159793732
76561198163262152
76561198163597644
76561198163608699
76561198164468208
76561198165082742
76561198166142318
76561198167773154
76561198167838587
76561198169166885
76561198171471223
76561198172043694
76561198175725237
76561198180398123
76561198184935897
76561198189099226
76561198189390937
76561198190013978
76561198190554710
76561198190952726
76561198192429522
76561198194834130
76561198196593354
76561198198311191
76561198198682482
76561198199308373
76561198199615245
76561198200161857
76561198208159253
76561198209460295
76561198213922667
76561198214110211
76561198214788535
76561198217173912
76561198220227977
76561198236421064
76561198236615102
76561198238170280
76561198238461772
76561198241235078
76561198242735898
76561198243191818
76561198246447010
76561198248994274
76561198253490237
76561198255546265
76561198255765481
76561198256078815
76561198256539278
76561198256893026
76561198258155460
76561198258214301
76561198258647659
76561198258803853
76561198259052169
76561198260237331
76561198260942855
76561198261705257
76561198262134552
76561198263054928
76561198264522563
76561198267167887
76561198272026355
76561198272042117
76561198272579861
76561198273632294
76561198280840139
76561198287509548
76561198287563450
76561198289945886
76561198291162681
76561198291643976
76561198292974522
76561198295482112
76561198297983414
76561198299540227
76561198301164841
76561198301520449
76561198301603439
76561198301908763
76561198302495378
76561198303076440
76561198303719793
76561198304525476
76561198306526453
76561198308157992
76561198312370136
76561198312790457
76561198314862461
76561198315284567
76561198315319862
76561198318809984
76561198320314612
76561198320755388
76561198320805480
76561198321690077
76561198323079618
76561198324154971
76561198325643352
76561198327318573
76561198327796918
76561198329186387
76561198329933914
76561198330241761
76561198330734177
76561198331411141
76561198331654707
76561198333270287
76561198333352595
76561198334301684
76561198335570609
76561198336531297
76561198336987870
76561198337042042
76561198338474711
76561198339108486
76561198340731802
76561198342980097
76561198344219998
76561198344715936
76561198345124809
76561198345674270
76561198347118507
76561198347237149
76561198347465879
76561198349902438
76561198351281345
76561198351993924
76561198353017887
76561198353051894
76561198353138154
76561198353411959
76561198354182527
76561198354487566
76561198354591305
76561198354682467
76561198355157584
76561198357745417
76561198358645246
76561198359259960
76561198361860901
76561198362754045
76561198364535635
76561198365879702
76561198368237096
76561198368724267
76561198370726752
76561198371386661
76561198372388738
76561198374590934
76561198374649650
76561198375096797
76561198376250083
76561198377026294
76561198377044927
76561198377739841
76561198380480045
76561198381459466
76561198382042415
76561198382686541
76561198383046215
76561198383684677
76561198384640971
76561198385331597
76561198386109344
76561198387113820
76561198387735318
76561198388015636
76561198390433133
76561198391996163
76561198391999069
76561198392339356
76561198392390476
76561198392625633
76561198393433516
76561198394089678
76561198394182921
76561198394974405
76561198395170693
76561198395616254
76561198396459948
76561198397429745
76561198397785361
76561198398805545
76561198401044348
76561198401479039
76561198401567710
76561198402204613
76561198402569607
76561198402864456
76561198402878080
76561198403135553
76561198403731665
76561198404294266
76561198404398856
76561198404506378
76561198405296220
76561198407219049
76561198408959334
76561198409815033
76561198410285033
76561198411434068
76561198411600147
76561198412966090
76561198413162577
76561198413545609
76561198414167038
76561198415959335
76561198417188657
76561198418323997
76561198418750384
76561198419790526
76561198420036965
76561198420852121
76561198421008721
76561198421053152
76561198421233118
76561198422423758
76561198424514497
76561198426861468
76561198430297978
76561198431932251
76561198432666815
76561198433214571
76561198435340504
76561198435598373
76561198438066196
76561198438735474
76561198439594819
76561198439671952
76561198440178970
76561198440356198
76561198440738737
76561198442564793
76561198442650840
76561198443177337
76561198443686455
76561198443911680
76561198444458208
76561198445735574
76561198446988392
76561198449144493
76561198450549876
76561198450765361
76561198451918616
76561198452221659
76561198795598208
76561198796156103
76561198796387761
76561198797945725
76561198798397812
76561198799089451
76561198799246533
76561198799354056
76561198800145516
76561198800364290
76561198800424377
76561198800521072
76561198801112577
76561198801165625
76561198801180606
76561198803184064
76561198804570231
76561198804578094
76561198804630868
76561198805501598
76561198805797317
76561198808175532
76561198808567281
76561198809241163
76561198809596853
76561198809773081
76561198810078712
76561198810148273
76561198811577608
76561198812077345
76561198813367839
76561198814362287
76561198814464476
76561198815588604
76561198815657633
76561198819400644
76561198819860023
76561198820355722
76561198822572868
76561198823589819
76561198826003301
76561198826115226
76561198828216743
76561198828782107
76561198830017983
76561198830334284
76561198834398507
76561198834582739
76561198836239819
76561198836499298
76561198836511655
76561198838934185
76561198838938882
76561198839362374
76561198840349054
76561198842493898
76561198842729627
76561198844304414
76561198844337044
76561198844598663
76561198844854070
76561198846132526
76561198846820904
76561198847299115
76561198847668677
76561198849101002
76561198849394381
76561198850095767
76561198852238402
76561198852323231
76561198852442129
76561198852443958
76561198853224978
76561198855074439
76561198855921934
76561198857135354
76561198858390434
76561198859858442
76561198861318069
76561198862619532
76561198864966393
76561198868137670
76561198868527305
76561198871760672
76561198871823504
76561198872582903
76561198876717220
76561198877352161
76561198877793356
76561198877818120
76561198880814277
76561198881644008
76561198883094826
76561198883976853
76561198891968125
76561198892723013
76561198907043846
76561198913868695
76561198921942222
76561198923955313
76561198929633144
76561198932860725
76561198933605366
76561198939574673
76561198945353175
76561198946783148
76561198947240802
76561198947307137
76561198949000989
76561198950238599
76561198953224119
76561198962220201
76561198963297612
76561198964849707
76561198967148371
76561198967291869
76561198968100786
76561198968775118
76561198969399299
76561198969488471
76561198973655800
76561198973763823
76561198978954505
76561198979271369
76561198980050025
76561198980137597
76561198981189395
76561198981362275
76561198982340375
76561198982618522
76561198985635926
76561198986180843
76561198986279208
76561198987037313
76561198987262284
76561198989983717
76561198991694983
76561198994261408
76561199000161062
76561199000384494
76561199000961985
76561199001581774
76561199001917548
76561199005544563
76561199006059356
76561199007459275
76561199007644566
76561199009140906
76561199010440982
76561199010783922
76561199012923689
76561199013351670
76561199013666372
76561199015490639
76561199016072880
76561199018270284
76561199019159045
76561199024067822
76561199024893372
76561199028415586
76561199030165889
76561199031196657
76561199036128861
76561199036478455
76561199037684985
76561199038491287
76561199044974042
76561199045011701
76561199045338225
76561199050979381
76561199053805578
76561199057084714
76561199058198248
76561199062417215
76561199064409522
76561199066043919
76561199067980853
76561199069180414
76561199069373721
76561199070297866
76561199070380866
76561199071095684
76561199071199051
76561199073142280
76561199075359454
76561199075789811
76561199075804392
76561199076926113
76561199079331375
76561199079379660
76561199079659947
76561199084020591
76561199086352355
76561199087507293
76561199089926369
76561199093941963
76561199096952182
76561199099093254
76561199099326843
76561199100878990
76561199101262183
76561199101663848
76561199104633575
76561199104864670
76561199105898259
76561199106821169
76561199106923082
76561199108063992
76561199109207528
76561199116230015
76561199118924625
76561199121128209
76561199122241670
76561199124860704
76561199124872320
76561199125976727
76561199126952441
76561199134433490
76561199140621570
76561199141331639
76561199141888973
76561199144112158
76561199148719803
76561199150918052
76561199156672140
76561199158207636
76561199159315735
76561199162059068
76561199162252253
76561199164966131
76561199171760084
76561199171961739
76561199172416874
76561199173029735
76561199177957347
76561199181519679
76561199184419450
76561199185135294
76561199190749671
76561199192116541
76561199193011436
76561199194490356
76561199195400794
76561199198209122
76561199206329633
76561199211395365
76561199213587571
76561199217535475
76561199217675561
76561199224840947
76561199238607315
76561199349245874
76561199379490564
